YEAR,RANK,MOVEMENT,PLAYER_ID,PLAYER,AVG,TOTAL DIST AFTER TEE SHOT,TOTAL TEE SHOTS
2024,1,0,38991,Alejandro Tosti,158.4,4711422.0,826
2024,2,0,47663,Kevin Dougherty,158.9,3855431.0,674
2024,3,0,59836,Pierceson Coody,159.4,4854813.0,846
2024,4,0,39546,Keith Mitchell,160.3,6007564.0,1041
2024,5,0,33948,Byeong Hun An,160.7,5277018.0,912
2024,5,0,52372,Cameron Champ,160.7,3847517.0,665
2024,7,0,34255,Joseph Bramlett,162.1,5747865.0,985
2024,8,0,37212,Paul Barjon,162.5,3534130.0,604
2024,8,0,57366,Cameron Young,162.5,5785828.0,989
2024,10,0,59095,Chris Gotterup,163.1,5296103.0,902
2024,10,0,54421,Garrick Higgo,163.1,5009133.0,853
2024,10,0,55893,Sam Stevens,163.1,6406049.0,1091
2024,13,0,37378,Min Woo Lee,163.2,4759758.0,810
2024,13,0,34046,Jordan Spieth,163.2,5093732.0,867
2024,15,0,28237,Rory McIlroy,163.4,4994605.0,849
2024,15,0,40006,Erik van Rooyen,163.4,5665961.0,963
2024,17,0,40250,Taylor Pendrith,163.6,5720257.0,971
2024,18,0,52955,Ludvig Åberg,163.7,5402985.0,917
2024,18,0,54576,Patrick Fishburn,163.7,4519556.0,767
2024,20,0,27064,Jhonattan Vegas,163.9,4908050.0,832
2024,21,0,56149,Wilson Furr,164.0,3648824.0,618
2024,21,0,45242,Kevin Yu,164.0,5349825.0,906
2024,23,0,48084,Wesley Bryan,164.1,2858437.0,484
2024,23,0,51766,Wyndham Clark,164.1,5046627.0,854
2024,25,0,32333,Kevin Tway,164.3,3691478.0,624
2024,26,0,47504,Sam Burns,164.4,5404309.0,913
2024,27,0,47988,Nick Hardy,164.6,6245454.0,1054
2024,28,0,48699,Callum Tarren,165.1,4624427.0,778
2024,29,0,27129,Luke List,165.3,5327222.0,895
2024,30,0,29936,Ryan Fox,165.4,5586218.0,938
2024,30,0,24502,Adam Scott,165.4,5072630.0,852
2024,32,0,50484,Hayden Springer,165.6,4523576.0,759
2024,33,0,48117,Kurt Kitayama,165.8,5759337.0,965
2024,34,0,47995,Davis Riley,165.9,5624451.0,942
2024,34,0,36699,Patrick Rodgers,165.9,7270521.0,1217
2024,36,0,51070,Vincent Norrman,166.0,3783445.0,633
2024,36,0,55454,Carl Yuan,166.0,4403341.0,737
2024,38,0,28420,Ryan Brehm,166.4,3721039.0,621
2024,38,0,31323,Gary Woodland,166.4,5852963.0,977
2024,40,0,51696,Rico Hoey,166.5,5501150.0,918
2024,41,0,32366,Kevin Chappell,166.7,3349056.0,558
2024,41,0,46046,Scottie Scheffler,166.7,5178270.0,863
2024,43,0,46340,Alex Smalley,166.8,4876885.0,812
2024,44,0,47420,Jake Knapp,167.1,5647610.0,939
2024,44,0,49947,Taylor Moore,167.1,7249290.0,1205
2024,44,0,51894,Vince Whaley,167.1,4396939.0,731
2024,47,0,60767,Blaine Hale Jr.,167.4,3073011.0,510
2024,48,0,39975,Michael Kim,167.6,5109889.0,847
2024,49,0,39997,Corey Conners,168.2,6571375.0,1085
2024,49,0,46717,Viktor Hovland,168.2,4378307.0,723
2024,51,0,46442,Maverick McNealy,168.4,6594633.0,1088
2024,52,0,30926,Chris Kirk,168.5,5673180.0,935
2024,52,0,48867,Matti Schmid,168.5,5199451.0,857
2024,54,0,45609,Tyler Duncan,168.6,4684893.0,772
2024,54,0,50095,Austin Smotherman,168.6,3162772.0,521
2024,56,0,36799,Stephan Jaeger,168.7,6066334.0,999
2024,56,0,32757,Patton Kizzire,168.7,4432628.0,730
2024,56,0,52215,Robert MacIntyre,168.7,5233819.0,862
2024,59,0,51977,Max Greyserman,169.0,5282158.0,868
2024,59,0,60067,Joe Highsmith,169.0,4813384.0,791
2024,59,0,35617,Martin Trainer,169.0,3345631.0,550
2024,62,0,33141,Keegan Bradley,169.1,6001519.0,986
2024,62,0,50497,Adrien Dumont de Chassart,169.1,4771364.0,784
2024,64,0,39324,J.J. Spaun,169.2,6059371.0,995
2024,65,0,29725,Tony Finau,169.3,5935608.0,974
2024,65,0,35461,Beau Hossler,169.3,6619532.0,1086
2024,67,0,52514,Trace Crowe,169.6,4390248.0,719
2024,67,0,12716,Charley Hoffman,169.6,5080228.0,832
2024,67,0,51634,Sahith Theegala,169.6,7187299.0,1177
2024,70,0,46113,Ryan McCormick,169.7,3885563.0,636
2024,70,0,33448,Justin Thomas,169.7,4980347.0,815
2024,72,0,35450,Patrick Cantlay,169.9,4666849.0,763
2024,73,0,48081,Xander Schauffele,170.0,5806358.0,949
2024,74,0,47347,Adam Schenk,170.1,6864222.0,1121
2024,75,0,60004,Jacob Bridgeman,170.3,5015771.0,818
2024,75,0,58168,Davis Thompson,170.3,6719465.0,1096
2024,77,0,33399,Adam Hadwin,170.4,5986749.0,976
2024,78,0,45157,Cam Davis,170.5,6059614.0,987
2024,78,0,22405,Justin Rose,170.5,4491932.0,732
2024,80,0,56630,Akshay Bhatia,170.7,6674306.0,1086
2024,80,0,57975,Harry Hall,170.7,5912838.0,962
2024,80,0,50188,S.H. Kim,170.7,7516861.0,1223
2024,83,0,55708,Hayden Buckley,170.8,5067509.0,824
2024,83,0,29221,Webb Simpson,170.8,4114346.0,669
2024,83,0,27214,Kevin Streelman,170.8,4850210.0,789
2024,86,0,59866,Nick Dunlap,170.9,5376802.0,874
2024,87,0,34563,Chesson Hadley,171.1,5162265.0,838
2024,88,0,34076,Joel Dahmen,171.3,6184394.0,1003
2024,88,0,34587,Chan Kim,171.3,5938996.0,963
2024,90,0,32070,Rafael Campos,171.4,3676550.0,596
2024,90,0,34021,Bud Cauley,171.4,4343568.0,704
2024,90,0,34466,Peter Malnati,171.4,5701994.0,924
2024,93,0,35310,Lanto Griffin,171.5,4908826.0,795
2024,94,0,33408,Tyson Alexander,171.6,5039514.0,816
2024,95,0,34099,Harris English,171.7,6686776.0,1082
2024,96,0,39971,Sungjae Im,171.8,6765194.0,1094
2024,97,0,40026,Daniel Berger,171.9,5129213.0,829
2024,98,0,50493,Justin Suh,172.1,5258740.0,849
2024,99,0,52453,Nicolai Højgaard,172.2,3807288.0,614
2024,99,0,49771,J.T. Poston,172.2,6687171.0,1079
2024,101,0,32839,Hideki Matsuyama,172.3,5494099.0,886
2024,101,0,51997,Andrew Novak,172.3,6488249.0,1046
2024,101,0,48887,Matt Wallace,172.3,4912560.0,792
2024,104,0,28089,Jason Day,172.4,5095599.0,821
2024,105,0,57362,Austin Eckroat,172.5,6645414.0,1070
2024,105,0,55182,Tom Kim,172.5,6190386.0,997
2024,107,0,47591,Eric Cole,172.7,8175459.0,1315
2024,107,0,23320,Ryan Palmer,172.7,3009328.0,484
2024,109,0,32791,K.H. Lee,172.9,5770189.0,927
2024,110,0,32102,Rickie Fowler,173.0,5816169.0,934
2024,110,0,48153,Matthieu Pavon,173.0,4559220.0,732
2024,112,0,27139,David Skinns,173.1,5778135.0,927
2024,113,0,35506,Mackenzie Hughes,173.2,7134757.0,1144
2024,114,0,33204,Shane Lowry,173.3,5266803.0,844
2024,114,0,40115,Adam Svensson,173.3,8583050.0,1376
2024,116,0,54591,Ben Griffin,173.4,7757920.0,1243
2024,116,0,59143,Mac Meissner,173.4,5562389.0,891
2024,118,0,29420,Billy Horschel,173.7,5751891.0,920
2024,118,0,27330,Josh Teater,173.7,3258324.0,521
2024,118,0,48319,Tom Whitney,173.7,4294870.0,687
2024,121,0,33653,Thomas Detry,173.9,5540216.0,885
2024,121,0,48119,Ben Taylor,173.9,4600647.0,735
2024,123,0,59442,Parker Coody,174.1,4098142.0,654
2024,123,0,51349,Nico Echavarria,174.1,6034979.0,963
2024,123,0,28252,Seamus Power,174.1,7690390.0,1227
2024,126,0,40098,Matt Fitzpatrick,174.2,5392790.0,860
2024,126,0,37455,Si Woo Kim,174.2,6746937.0,1076
2024,126,0,30163,Henrik Norlander,174.2,4238563.0,676
2024,129,0,36871,Matt NeSmith,174.3,5395537.0,860
2024,130,0,30911,Tommy Fleetwood,174.4,5605932.0,893
2024,130,0,33486,Roger Sloan,174.4,4608864.0,734
2024,130,0,27770,Camilo Villegas,174.4,3837036.0,611
2024,133,0,32640,Troy Merritt,174.7,5019181.0,798
2024,133,0,47679,Victor Perez,174.7,5212960.0,829
2024,135,0,25493,Nick Taylor,175.0,6607057.0,1049
2024,136,0,34374,Erik Barnes,175.1,3662142.0,581
2024,136,0,57900,Chandler Phillips,175.1,6410644.0,1017
2024,138,0,27644,Brian Harman,175.5,6918976.0,1095
2024,139,0,52375,Doug Ghim,175.6,6872551.0,1087
2024,140,0,39977,Max Homa,175.7,5944868.0,940
2024,140,0,49960,Sepp Straka,175.7,5826546.0,921
2024,142,0,54628,Lee Hodges,175.8,7467037.0,1180
2024,143,0,52513,Carson Young,175.9,6425731.0,1015
2024,144,0,35532,Tom Hoge,176.0,7956497.0,1256
2024,144,0,47983,Chad Ramey,176.0,5974464.0,943
2024,146,0,37275,Sam Ryder,176.2,5182829.0,817
2024,147,0,50525,Collin Morikawa,176.3,6081498.0,958
2024,148,0,33968,Thorbjørn Olesen,176.5,3424081.0,539
2024,149,0,51287,Ryo Hisatsune,176.6,6091829.0,958
2024,150,0,47483,Will Zalatoris,176.8,5149059.0,809
2024,151,0,27936,Martin Laird,176.9,5114261.0,803
2024,151,0,52374,Brandon Wu,176.9,5521379.0,867
2024,153,0,52666,Sami Valimaki,177.0,4938156.0,775
2024,154,0,36801,Mark Hubbard,177.1,7706718.0,1209
2024,154,0,54783,Dylan Wu,177.1,6109109.0,958
2024,156,0,25900,Lucas Glover,177.2,6792439.0,1065
2024,157,0,47993,Denny McCarthy,177.3,6975593.0,1093
2024,158,0,31646,Emiliano Grillo,177.4,6815070.0,1067
2024,158,0,29908,C.T. Pan,177.4,5008174.0,784
2024,158,0,51890,Greyson Sigg,177.4,5761616.0,902
2024,161,0,39327,Ben Silverman,177.5,6242325.0,977
2024,162,0,36326,David Lipsky,177.7,5079821.0,794
2024,163,0,34098,Russell Henley,177.9,5731945.0,895
2024,164,0,32367,Jorge Campillo,178.5,3663189.0,570
2024,165,0,28775,Nate Lashley,178.9,5442822.0,845
2024,166,0,55789,Taylor Montgomery,179.5,4052622.0,627
2024,167,0,40162,Justin Lower,179.7,7344461.0,1135
2024,168,0,24024,Zach Johnson,180.0,3881745.0,599
2024,169,0,27349,Alex Noren,180.1,5347731.0,825
2024,169,0,46441,Robby Shelton,180.1,5822308.0,898
2024,171,0,29535,Brice Garnett,180.3,3862312.0,595
2024,172,0,23108,Matt Kuchar,180.9,6031091.0,926
2024,173,0,47806,Raul Pereda,181.0,3159580.0,485
2024,174,0,46414,Aaron Rai,181.1,6721049.0,1031
2024,175,0,45522,Christiaan Bezuidenhout,181.2,6537479.0,1002
2024,176,0,29478,Kevin Kisner,181.7,4239124.0,648
2024,177,0,36884,Ben Kohles,181.9,6587469.0,1006
2024,178,0,26596,Ryan Moore,182.0,5753831.0,878
2024,179,0,26476,Chez Reavie,183.3,5074495.0,769
2024,180,0,40058,Zac Blair,184.1,6781070.0,1023
2024,181,0,30927,Brendon Todd,185.0,8173553.0,1227
2024,182,0,27649,Brandt Snedeker,186.3,4816292.0,718
2024,183,0,34256,Andrew Putnam,186.4,6977118.0,1040
2024,184,0,22371,Aaron Baddeley,187.9,5411525.0,800
2023,1,0,52955,Ludvig Åberg,153.8,3450542.0,623
2023,2,0,45242,Kevin Yu,154.1,3683498.0,664
2023,3,0,28237,Rory McIlroy,154.3,4411415.0,794
2023,4,0,57366,Cameron Young,154.6,5129888.0,922
2023,5,0,58696,Peter Kuest,155.8,3055978.0,545
2023,6,0,49453,Trevor Cone,155.9,4877619.0,869
2023,7,0,39067,MJ Daffue,157.6,5780409.0,1019
2023,8,0,51414,Brent Grant,157.9,4461555.0,785
2023,9,0,51491,Brandon Matthews,158.8,3269390.0,572
2023,10,0,51070,Vincent Norrman,159.2,5129774.0,895
2023,11,0,27129,Luke List,159.6,6534524.0,1137
2023,12,0,33948,Byeong Hun An,160.1,7000598.0,1215
2023,12,0,24502,Adam Scott,160.1,4116183.0,714
2023,14,0,48699,Callum Tarren,160.3,6450032.0,1118
2023,15,0,48867,Matti Schmid,160.5,4096657.0,709
2023,16,0,55454,Carl Yuan,160.6,5456541.0,944
2023,17,0,52411,Kyle Westmoreland,160.7,4592277.0,794
2023,18,0,39546,Keith Mitchell,161.0,5869795.0,1013
2023,19,0,28420,Ryan Brehm,161.2,5322224.0,917
2023,20,0,52372,Cameron Champ,161.6,4688358.0,806
2023,21,0,27554,Scott Harrington,162.1,4557332.0,781
2023,22,0,46046,Scottie Scheffler,162.2,5971764.0,1023
2023,23,0,39058,Lucas Herbert,162.3,3833642.0,656
2023,24,0,45157,Cam Davis,162.7,6494570.0,1109
2023,25,0,40250,Taylor Pendrith,162.9,6444745.0,1099
2023,25,0,55893,Sam Stevens,162.9,6630725.0,1131
2023,27,0,35450,Patrick Cantlay,163.0,5050834.0,861
2023,27,0,58168,Davis Thompson,163.0,7037370.0,1199
2023,29,0,46717,Viktor Hovland,163.2,5664412.0,964
2023,30,0,32333,Kevin Tway,163.3,6495046.0,1105
2023,31,0,52453,Nicolai Hojgaard,163.4,2705255.0,460
2023,32,0,46601,Trey Mullinax,163.6,5395905.0,916
2023,33,0,46970,Jon Rahm,164.0,4836114.0,819
2023,34,0,47988,Nick Hardy,164.2,7230593.0,1223
2023,35,0,36799,Stephan Jaeger,164.3,8683901.0,1468
2023,35,0,36724,Augusto Núñez,164.3,4690794.0,793
2023,37,0,39997,Corey Conners,164.5,6178305.0,1043
2023,38,0,56630,Akshay Bhatia,164.6,4762772.0,804
2023,38,0,51766,Wyndham Clark,164.6,6813361.0,1150
2023,40,0,54421,Garrick Higgo,164.7,7330186.0,1236
2023,41,0,34255,Joseph Bramlett,165.1,5497402.0,925
2023,42,0,37338,Zecheng Dou,165.2,6179742.0,1039
2023,43,0,12716,Charley Hoffman,165.3,4659289.0,783
2023,43,0,39977,Max Homa,165.3,6344996.0,1066
2023,45,0,47504,Sam Burns,165.5,5959040.0,1000
2023,46,0,35461,Beau Hossler,165.6,7200773.0,1208
2023,47,0,36699,Patrick Rodgers,165.9,6812762.0,1141
2023,47,0,30692,Scott Stallings,165.9,5510995.0,923
2023,49,0,32662,Michael Gligic,166.0,4249669.0,711
2023,49,0,39324,J.J. Spaun,166.0,6909592.0,1156
2023,51,0,55708,Hayden Buckley,166.4,5392699.0,900
2023,51,0,56762,Will Gordon,166.4,7289987.0,1217
2023,53,0,33653,Thomas Detry,166.5,5513246.0,920
2023,53,0,33448,Justin Thomas,166.5,5496568.0,917
2023,55,0,34563,Chesson Hadley,166.7,6446496.0,1074
2023,55,0,35617,Martin Trainer,166.7,3131963.0,522
2023,57,0,20229,Stewart Cink,166.8,5385732.0,897
2023,58,0,23320,Ryan Palmer,166.9,5378734.0,895
2023,59,0,45609,Tyler Duncan,167.1,6593061.0,1096
2023,59,0,58967,Trevor Werbylo,167.1,4763167.0,792
2023,61,0,34046,Jordan Spieth,167.2,5102865.0,848
2023,62,0,34431,Robert Streb,167.3,5175113.0,859
2023,63,0,32757,Patton Kizzire,167.5,6866295.0,1139
2023,63,0,50095,Austin Smotherman,167.5,6694162.0,1110
2023,65,0,34363,Tyrrell Hatton,167.6,5497928.0,911
2023,65,0,33597,Harry Higgs,167.6,4869689.0,807
2023,67,0,28089,Jason Day,167.8,5304368.0,878
2023,67,0,48117,Kurt Kitayama,167.8,4541793.0,752
2023,69,0,25632,Jimmy Walker,167.9,6256631.0,1035
2023,70,0,33408,Tyson Alexander,168.0,5758411.0,952
2023,70,0,31323,Gary Woodland,168.0,6073258.0,1004
2023,72,0,39971,Sungjae Im,168.1,7160294.0,1183
2023,73,0,47995,Davis Riley,168.2,6223946.0,1028
2023,73,0,47347,Adam Schenk,168.2,8161391.0,1348
2023,75,0,39975,Michael Kim,168.3,5736647.0,947
2023,76,0,40006,Erik van Rooyen,168.4,4594290.0,758
2023,77,0,50188,S.H. Kim,168.5,8129277.0,1340
2023,77,0,51997,Andrew Novak,168.5,5665949.0,934
2023,79,0,48084,Wesley Bryan,168.7,2587774.0,426
2023,79,0,31577,Tano Goya,168.7,5434154.0,895
2023,81,0,32791,K.H. Lee,168.8,6848004.0,1127
2023,81,0,49947,Taylor Moore,168.8,6715570.0,1105
2023,81,0,51634,Sahith Theegala,168.8,7150637.0,1177
2023,84,0,32366,Kevin Chappell,168.9,2998477.0,493
2023,84,0,40098,Matt Fitzpatrick,168.9,5300754.0,872
2023,86,0,33141,Keegan Bradley,169.0,5645485.0,928
2023,86,0,54591,Ben Griffin,169.0,7526192.0,1237
2023,86,0,47983,Chad Ramey,169.0,7494437.0,1232
2023,89,0,27644,Brian Harman,169.1,6655600.0,1093
2023,89,0,49771,J.T. Poston,169.1,7221901.0,1186
2023,89,0,39335,Kevin Roy,169.1,4388206.0,721
2023,92,0,57362,Austin Eckroat,169.2,5992665.0,984
2023,93,0,25686,Jason Dufner,169.4,5781278.0,948
2023,93,0,37455,Si Woo Kim,169.4,7233705.0,1186
2023,95,0,34076,Joel Dahmen,169.5,6118835.0,1003
2023,96,0,29725,Tony Finau,169.7,6144114.0,1006
2023,96,0,29420,Billy Horschel,169.7,4399012.0,720
2023,98,0,29970,Dylan Frittelli,169.8,4889519.0,800
2023,99,0,29221,Webb Simpson,169.9,4416770.0,722
2023,100,0,39954,Cody Gribble,170.1,4224616.0,690
2023,100,0,33204,Shane Lowry,170.1,4741007.0,774
2023,100,0,51890,Greyson Sigg,170.1,7540171.0,1231
2023,100,0,46340,Alex Smalley,170.1,7845604.0,1281
2023,104,0,48887,Matt Wallace,170.3,5510473.0,899
2023,105,0,55789,Taylor Montgomery,170.4,7150878.0,1166
2023,106,0,48081,Xander Schauffele,170.5,5212417.0,849
2023,107,0,55182,Tom Kim,170.8,6463228.0,1051
2023,107,0,48119,Ben Taylor,170.8,7088668.0,1153
2023,109,0,32102,Rickie Fowler,170.9,6811422.0,1107
2023,109,0,52375,Doug Ghim,170.9,6310892.0,1026
2023,109,0,35506,Mackenzie Hughes,170.9,5992689.0,974
2023,109,0,34610,Matthias Schwab,170.9,6797514.0,1105
2023,113,0,34466,Peter Malnati,171.1,6412368.0,1041
2023,113,0,28252,Seamus Power,171.1,5549303.0,901
2023,115,0,49298,Kramer Hickok,171.2,6607529.0,1072
2023,115,0,32640,Troy Merritt,171.2,5973359.0,969
2023,117,0,47591,Eric Cole,171.3,9178856.0,1488
2023,117,0,25818,Scott Piercy,171.3,5955583.0,966
2023,119,0,57975,Harry Hall,171.5,6235595.0,1010
2023,119,0,30926,Chris Kirk,171.5,6489720.0,1051
2023,119,0,40115,Adam Svensson,171.5,8838726.0,1432
2023,122,0,28775,Nate Lashley,171.7,7174471.0,1161
2023,122,0,47128,Richy Werenski,171.7,6088964.0,985
2023,124,0,52374,Brandon Wu,171.8,7246551.0,1172
2023,125,0,32448,James Hahn,172.0,5913563.0,955
2023,126,0,33410,Andrew Landry,172.1,5419938.0,875
2023,126,0,29289,S.Y. Noh,172.1,3846466.0,621
2023,128,0,29908,C.T. Pan,172.2,3367111.0,543
2023,129,0,35532,Tom Hoge,172.3,7295865.0,1176
2023,129,0,49960,Sepp Straka,172.3,6580042.0,1061
2023,131,0,31646,Emiliano Grillo,172.4,7573811.0,1220
2023,132,0,23108,Matt Kuchar,172.5,6832450.0,1100
2023,132,0,36871,Matt NeSmith,172.5,7180097.0,1156
2023,132,0,52513,Carson Young,172.5,6450400.0,1039
2023,135,0,27349,Alex Noren,172.6,6146897.0,989
2023,136,0,30911,Tommy Fleetwood,172.7,5316588.0,855
2023,137,0,46442,Maverick McNealy,172.8,4098716.0,659
2023,138,0,47079,Harrison Endycott,172.9,5833390.0,937
2023,138,0,32839,Hideki Matsuyama,172.9,6012578.0,966
2023,138,0,53165,Doc Redman,172.9,5745505.0,923
2023,141,0,27214,Kevin Streelman,173.2,7274423.0,1167
2023,142,0,54783,Dylan Wu,173.3,6782814.0,1087
2023,143,0,54628,Lee Hodges,173.4,7672326.0,1229
2023,143,0,33413,Ben Martin,173.4,6867282.0,1100
2023,145,0,25493,Nick Taylor,173.5,6427251.0,1029
2023,146,0,50525,Collin Morikawa,173.6,5381478.0,861
2023,147,0,35310,Lanto Griffin,173.7,3870989.0,619
2023,148,0,51349,Nico Echavarria,173.9,4650939.0,743
2023,149,0,50493,Justin Suh,174.0,8360097.0,1335
2023,150,0,40162,Justin Lower,174.1,6944664.0,1108
2023,150,0,37275,Sam Ryder,174.1,7545191.0,1204
2023,152,0,22056,Cameron Percy,174.2,3912427.0,624
2023,153,0,34098,Russell Henley,174.4,6367004.0,1014
2023,154,0,31557,Jim Herman,174.5,5402429.0,860
2023,155,0,27974,Sung Kang,174.7,2698146.0,429
2023,155,0,46414,Aaron Rai,174.7,7589774.0,1207
2023,157,0,34099,Harris English,174.8,7067458.0,1123
2023,157,0,47993,Denny McCarthy,174.8,7624744.0,1212
2023,159,0,25900,Lucas Glover,175.3,7005962.0,1110
2023,159,0,51950,Max McGreevy,175.3,5527090.0,876
2023,159,0,32139,Danny Willett,175.3,4599263.0,729
2023,162,0,36801,Mark Hubbard,175.6,7732114.0,1223
2023,163,0,59018,Ryan Gerard,175.7,4282620.0,677
2023,164,0,46441,Robby Shelton,176.1,7225929.0,1140
2023,165,0,24140,Sean O'Hair,176.3,2690908.0,424
2023,166,0,33399,Adam Hadwin,176.4,7117587.0,1121
2023,167,0,45522,Christiaan Bezuidenhout,176.5,6934133.0,1091
2023,168,0,33122,Russell Knox,176.7,7360682.0,1157
2023,169,0,36326,David Lipsky,176.9,7068132.0,1110
2023,169,0,30163,Henrik Norlander,176.9,5959279.0,936
2023,171,0,22405,Justin Rose,177.2,4715311.0,739
2023,172,0,35879,Kelly Kraft,177.4,6444864.0,1009
2023,172,0,27936,Martin Laird,177.4,5959309.0,933
2023,174,0,29535,Brice Garnett,177.7,5564174.0,870
2023,174,0,26596,Ryan Moore,177.7,5680759.0,888
2023,176,0,49766,Hank Lebioda,177.8,3668429.0,573
2023,177,0,24024,Zach Johnson,177.9,4924799.0,769
2023,178,0,24925,Jonathan Byrd,178.1,3283115.0,512
2023,179,0,27095,Nick Watney,178.3,4782024.0,745
2023,180,0,27963,Chris Stroud,178.5,3656229.0,569
2023,181,0,35449,Adam Long,178.7,7634935.0,1187
2023,182,0,40058,Zac Blair,179.7,5620789.0,869
2023,183,0,22371,Aaron Baddeley,180.2,5293294.0,816
2023,183,0,26476,Chez Reavie,180.2,7686090.0,1185
2023,185,0,35901,Paul Haley II,180.3,6191786.0,954
2023,186,0,30927,Brendon Todd,181.2,7820232.0,1199
2023,187,0,32816,Satoshi Kodaira,182.4,3879847.0,591
2023,188,0,31202,William McGirt,183.6,3403967.0,515
2023,189,0,19803,Ryan Armour,184.1,6111940.0,922
2023,190,0,46435,Austin Cook,185.2,5119564.0,768
2023,190,0,34256,Andrew Putnam,185.2,8255108.0,1238
2023,192,0,34409,David Lingmerth,187.1,5427787.0,806
2023,193,0,31560,Brian Stuard,189.1,4691094.0,689
2022,1,0,57366,Cameron Young,155.7,5399013.0,963
2022,2,0,40250,Taylor Pendrith,155.9,4564143.0,813
2022,3,0,46601,Trey Mullinax,157.8,5089170.0,896
2022,4,0,34255,Joseph Bramlett,158.1,5167890.0,908
2022,5,0,28237,Rory McIlroy,158.2,4048724.0,711
2022,6,0,47856,Seth Reeves,159.4,3832523.0,668
2022,7,0,27129,Luke List,159.8,5079978.0,883
2022,8,0,35450,Patrick Cantlay,160.1,4178336.0,725
2022,8,0,51766,Wyndham Clark,160.1,5832394.0,1012
2022,8,0,46550,Brandon Hagy,160.1,4646593.0,806
2022,11,0,56278,Matthew Wolff,160.6,2943744.0,509
2022,12,0,39546,Keith Mitchell,161.3,5785026.0,996
2022,13,0,12716,Charley Hoffman,161.6,4590423.0,789
2022,13,0,48699,Callum Tarren,161.6,4286245.0,737
2022,15,0,46046,Scottie Scheffler,161.8,5270529.0,905
2022,16,0,45157,Cam Davis,162.2,6136749.0,1051
2022,17,0,46970,Jon Rahm,162.3,4470634.0,765
2022,18,0,36689,Brooks Koepka,162.5,3123823.0,534
2022,19,0,54421,Garrick Higgo,162.6,3055301.0,522
2022,20,0,32366,Kevin Chappell,162.7,3526237.0,602
2022,21,0,47988,Nick Hardy,162.8,3645246.0,622
2022,21,0,47483,Will Zalatoris,162.8,4659687.0,795
2022,23,0,34046,Jordan Spieth,163.0,4958162.0,845
2022,24,0,48117,Kurt Kitayama,163.2,3649027.0,621
2022,25,0,21961,Charles Howell III,163.5,3796754.0,645
2022,26,0,45486,Joaquin Niemann,163.7,4738611.0,804
2022,27,0,33448,Justin Thomas,164.0,4972049.0,842
2022,27,0,32333,Kevin Tway,164.0,5408062.0,916
2022,29,0,52372,Cameron Champ,164.3,3815597.0,645
2022,30,0,46717,Viktor Hovland,164.4,4576305.0,773
2022,31,0,29518,Brendan Steele,164.5,5110212.0,863
2022,32,0,45540,Jared Wolfe,164.9,3810868.0,642
2022,33,0,20229,Stewart Cink,165.1,5397570.0,908
2022,33,0,36699,Patrick Rodgers,165.1,5610854.0,944
2022,35,0,37212,Paul Barjon,165.4,5126497.0,861
2022,36,0,24502,Adam Scott,165.6,5192757.0,871
2022,36,0,35617,Martin Trainer,165.6,4971135.0,834
2022,38,0,29725,Tony Finau,165.7,5828607.0,977
2022,39,0,47504,Sam Burns,165.8,5651201.0,947
2022,40,0,46442,Maverick McNealy,166.1,5997611.0,1003
2022,41,0,27064,Jhonattan Vegas,166.2,4793616.0,801
2022,42,0,35461,Beau Hossler,166.4,5318354.0,888
2022,42,0,37189,Harold Varner III,166.4,4647953.0,776
2022,44,0,39997,Corey Conners,166.5,5892364.0,983
2022,45,0,39058,Lucas Herbert,166.7,3312923.0,552
2022,45,0,30944,Jason Kokrak,166.7,4212875.0,702
2022,45,0,23320,Ryan Palmer,166.7,4109919.0,685
2022,45,0,47995,Davis Riley,166.7,6722235.0,1120
2022,49,0,32791,K.H. Lee,166.8,7163646.0,1193
2022,50,0,26300,Matt Jones,166.9,4241857.0,706
2022,51,0,29970,Dylan Frittelli,167.0,5999772.0,998
2022,51,0,51894,Vince Whaley,167.0,5519102.0,918
2022,53,0,39971,Sungjae Im,167.3,6288155.0,1044
2022,53,0,28252,Seamus Power,167.3,4901366.0,814
2022,55,0,32662,Michael Gligic,167.4,4712402.0,782
2022,56,0,32102,Rickie Fowler,167.8,4615061.0,764
2022,56,0,39977,Max Homa,167.8,5864786.0,971
2022,58,0,55708,Hayden Buckley,168.0,6433638.0,1064
2022,58,0,49947,Taylor Moore,168.0,6512712.0,1077
2022,60,0,48081,Xander Schauffele,168.1,4780711.0,790
2022,61,0,29221,Webb Simpson,168.3,4326130.0,714
2022,62,0,35891,Cameron Smith,168.4,4091333.0,675
2022,62,0,49964,Aaron Wise,168.4,6420439.0,1059
2022,64,0,32757,Patton Kizzire,168.6,6828189.0,1125
2022,65,0,32839,Hideki Matsuyama,168.8,4832268.0,795
2022,65,0,50095,Austin Smotherman,168.8,5214566.0,858
2022,67,0,36852,Jim Knous,169.0,2938732.0,483
2022,67,0,30692,Scott Stallings,169.0,7007792.0,1152
2022,69,0,22056,Cameron Percy,169.1,2659662.0,437
2022,69,0,10381,Curtis Thompson,169.1,3663680.0,602
2022,71,0,47529,Mito Pereira,169.2,6298013.0,1034
2022,72,0,32448,James Hahn,169.5,5041717.0,826
2022,72,0,33597,Harry Higgs,169.5,5626561.0,922
2022,74,0,40098,Matt Fitzpatrick,169.8,4045921.0,662
2022,74,0,34563,Chesson Hadley,169.8,5342826.0,874
2022,74,0,51634,Sahith Theegala,169.8,7935220.0,1298
2022,77,0,34264,Hudson Swafford,169.9,4005296.0,655
2022,78,0,33141,Keegan Bradley,170.0,5612251.0,917
2022,78,0,26851,Marc Leishman,170.0,5367511.0,877
2022,80,0,46340,Alex Smalley,170.3,6257776.0,1021
2022,80,0,54783,Dylan Wu,170.3,4278607.0,698
2022,82,0,31646,Emiliano Grillo,170.4,5926749.0,966
2022,82,0,51997,Andrew Novak,170.4,4526840.0,738
2022,82,0,48887,Matt Wallace,170.4,4036848.0,658
2022,85,0,29420,Billy Horschel,170.5,4713213.0,768
2022,85,0,37455,Si Woo Kim,170.5,6919255.0,1127
2022,87,0,28114,Dawie van der Walt,170.7,4018282.0,654
2022,88,0,34363,Tyrrell Hatton,170.8,4008634.0,652
2022,88,0,49960,Sepp Straka,170.8,6270604.0,1020
2022,90,0,54628,Lee Hodges,170.9,7021551.0,1141
2022,90,0,32139,Danny Willett,170.9,3519381.0,572
2022,92,0,27895,Jonas Blixt,171.3,3563610.0,578
2022,92,0,33667,Carlos Ortiz,171.3,4348384.0,705
2022,94,0,25900,Lucas Glover,171.5,7054855.0,1143
2022,94,0,49771,J.T. Poston,171.5,6808657.0,1103
2022,96,0,34431,Robert Streb,171.7,6170194.0,998
2022,96,0,40006,Erik van Rooyen,171.7,3406771.0,551
2022,98,0,22405,Justin Rose,171.8,3215197.0,520
2022,98,0,33486,Roger Sloan,171.8,5233041.0,846
2022,100,0,46402,Talor Gooch,172.1,4707460.0,760
2022,100,0,29974,Branden Grace,172.1,3668445.0,592
2022,100,0,25818,Scott Piercy,172.1,5663417.0,914
2022,103,0,27644,Brian Harman,172.2,6491737.0,1047
2022,103,0,23621,Rory Sabbatini,172.2,4309439.0,695
2022,105,0,24924,Bill Haas,172.3,5744847.0,926
2022,105,0,34466,Peter Malnati,172.3,7413072.0,1195
2022,107,0,33204,Shane Lowry,172.4,4057993.0,654
2022,108,0,30911,Tommy Fleetwood,172.5,3397323.0,547
2022,109,0,28775,Nate Lashley,172.7,5186179.0,834
2022,110,0,31420,Anirban Lahiri,172.8,5170455.0,831
2022,111,0,24980,Scott Gutschewski,172.9,3235985.0,520
2022,111,0,36871,Matthew NeSmith,172.9,6680302.0,1073
2022,111,0,27095,Nick Watney,172.9,5265076.0,846
2022,114,0,34076,Joel Dahmen,173.0,6377585.0,1024
2022,114,0,48822,Sebastián Muñoz,173.0,5896920.0,947
2022,116,0,35532,Tom Hoge,173.2,6397633.0,1026
2022,116,0,50525,Collin Morikawa,173.2,4171811.0,669
2022,116,0,27139,David Skinns,173.2,4389697.0,704
2022,119,0,45609,Tyler Duncan,173.3,5572286.0,893
2022,119,0,35506,Mackenzie Hughes,173.3,5628284.0,902
2022,121,0,36801,Mark Hubbard,173.4,4718787.0,756
2022,122,0,30926,Chris Kirk,173.5,5438862.0,871
2022,123,0,34610,Matthias Schwab,173.6,4698811.0,752
2022,124,0,47347,Adam Schenk,173.7,6609680.0,1057
2022,124,0,31323,Gary Woodland,173.7,4797580.0,767
2022,126,0,33490,Bo Hoag,173.8,3166147.0,506
2022,127,0,27974,Sung Kang,174.0,5275270.0,842
2022,128,0,28089,Jason Day,174.1,4368102.0,697
2022,129,0,33399,Adam Hadwin,174.2,6533228.0,1042
2022,130,0,37275,Sam Ryder,174.4,6785729.0,1081
2022,131,0,35310,Lanto Griffin,174.5,5815628.0,926
2022,131,0,34098,Russell Henley,174.5,5432549.0,865
2022,133,0,49298,Kramer Hickok,174.6,6387478.0,1016
2022,134,0,52374,Brandon Wu,174.7,4333472.0,689
2022,135,0,30978,Kiradech Aphibarnrat,174.8,3096457.0,492
2022,136,0,33122,Russell Knox,175.0,6433888.0,1021
2022,136,0,53165,Doc Redman,175.0,5448564.0,865
2022,138,0,29926,Danny Lee,175.1,3409956.0,541
2022,138,0,40115,Adam Svensson,175.1,7269600.0,1153
2022,138,0,25493,Nick Taylor,175.1,5945420.0,943
2022,141,0,39324,J.J. Spaun,175.2,6350377.0,1007
2022,142,0,24925,Jonathan Byrd,175.3,3679626.0,583
2022,142,0,52375,Doug Ghim,175.3,5900325.0,935
2022,142,0,27349,Alex Noren,175.3,4171344.0,661
2022,142,0,51890,Greyson Sigg,175.3,6239909.0,989
2022,146,0,39953,Chase Seiffert,175.4,3194350.0,506
2022,147,0,45526,Abraham Ancer,175.5,4037217.0,639
2022,147,0,29289,S.Y. Noh,175.5,3854696.0,610
2022,149,0,35110,Brett Drewitt,175.6,3584297.0,567
2022,150,0,32640,Troy Merritt,175.7,6494447.0,1027
2022,151,0,40162,Justin Lower,176.0,4681109.0,739
2022,152,0,27214,Kevin Streelman,176.1,6954243.0,1097
2022,153,0,33419,Cameron Tringale,176.3,6346167.0,1000
2022,154,0,36799,Stephan Jaeger,176.5,6282607.0,989
2022,155,0,46414,Aaron Rai,176.6,6007008.0,945
2022,156,0,19803,Ryan Armour,176.7,3066222.0,482
2022,156,0,27770,Camilo Villegas,176.7,4464878.0,702
2022,158,0,27936,Martin Laird,176.8,5366347.0,843
2022,159,0,25686,Jason Dufner,177.2,3388203.0,531
2022,159,0,29478,Kevin Kisner,177.2,4861928.0,762
2022,159,0,49766,Hank Lebioda,177.2,5918938.0,928
2022,162,0,34174,John Huh,177.5,5334306.0,835
2022,162,0,47128,Richy Werenski,177.5,4376804.0,685
2022,164,0,31557,Jim Herman,177.6,3765165.0,589
2022,165,0,36326,David Lipsky,177.7,6293832.0,984
2022,166,0,45522,Christiaan Bezuidenhout,177.8,4884787.0,763
2022,167,0,30163,Henrik Norlander,177.9,5259139.0,821
2022,168,0,27649,Brandt Snedeker,178.0,4299891.0,671
2022,168,0,23325,Vaughn Taylor,178.0,3517205.0,549
2022,170,0,47983,Chad Ramey,178.1,4840846.0,755
2022,171,0,23983,Luke Donald,178.3,4517721.0,704
2022,171,0,36884,Ben Kohles,178.3,3915387.0,610
2022,171,0,29908,C.T. Pan,178.3,6275923.0,978
2022,174,0,46435,Austin Cook,178.5,4659548.0,725
2022,174,0,29535,Brice Garnett,178.5,5346275.0,832
2022,174,0,32816,Satoshi Kodaira,178.5,3643713.0,567
2022,174,0,35449,Adam Long,178.5,6694518.0,1042
2022,178,0,25198,Francesco Molinari,178.6,3522474.0,548
2022,179,0,39436,Joshua Creel,178.7,3261838.0,507
2022,179,0,24024,Zach Johnson,178.7,4849352.0,754
2022,181,0,47993,Denny McCarthy,179.1,7742245.0,1201
2022,181,0,24138,Ian Poulter,179.1,3210025.0,498
2022,183,0,51950,Max McGreevy,179.5,4910848.0,760
2022,183,0,32150,Michael Thompson,179.5,6612319.0,1023
2022,185,0,23108,Matt Kuchar,179.7,5363280.0,829
2022,186,0,35879,Kelly Kraft,179.8,5028276.0,777
2022,187,0,48084,Wesley Bryan,180.4,3351324.0,516
2022,188,0,34256,Andrew Putnam,181.5,7318471.0,1120
2022,189,0,34360,Patrick Reed,182.8,4594233.0,698
2022,190,0,26476,Chez Reavie,183.7,6786159.0,1026
2022,191,0,30927,Brendon Todd,185.2,6418812.0,963
2022,192,0,24361,Pat Perez,186.7,4671661.0,695
2022,193,0,31560,Brian Stuard,188.4,6422861.0,947
2021,1,0,47959,Bryson DeChambeau,152.9,5175142.0,940
2021,2,0,28420,Ryan Brehm,155.2,2660199.0,476
2021,3,0,39546,Keith Mitchell,160.5,5315375.0,920
2021,4,0,34255,Joseph Bramlett,161.0,4439957.0,766
2021,4,0,21209,Sergio Garcia,161.0,5465098.0,943
2021,6,0,46550,Brandon Hagy,161.9,4622173.0,793
2021,7,0,52372,Cameron Champ,162.1,5206776.0,892
2021,8,0,56762,Will Gordon,162.4,5442251.0,931
2021,9,0,35461,Beau Hossler,162.9,5565691.0,949
2021,9,0,40042,Tyler McCumber,162.9,4363461.0,744
2021,11,0,30925,Dustin Johnson,163.0,4965153.0,846
2021,11,0,45486,Joaquin Niemann,163.0,7218546.0,1230
2021,13,0,27129,Luke List,163.1,6060872.0,1032
2021,14,0,56278,Matthew Wolff,163.2,4024896.0,685
2021,15,0,51766,Wyndham Clark,163.7,5704339.0,968
2021,15,0,27064,Jhonattan Vegas,163.7,5435150.0,922
2021,17,0,45157,Cam Davis,164.7,7318438.0,1234
2021,17,0,28237,Rory McIlroy,164.7,5088551.0,858
2021,19,0,29970,Dylan Frittelli,165.0,4810113.0,810
2021,20,0,32333,Kevin Tway,165.1,4142140.0,697
2021,21,0,36689,Brooks Koepka,165.2,4257473.0,716
2021,21,0,35617,Martin Trainer,165.2,3859700.0,649
2021,23,0,27554,Scott Harrington,165.4,5138656.0,863
2021,23,0,36699,Patrick Rodgers,165.4,6388901.0,1073
2021,25,0,20229,Stewart Cink,166.3,6406800.0,1070
2021,26,0,49960,Sepp Straka,166.4,6324132.0,1056
2021,27,0,33667,Carlos Ortiz,166.8,6829191.0,1137
2021,28,0,12716,Charley Hoffman,166.9,6490741.0,1080
2021,29,0,47504,Sam Burns,167.1,5980427.0,994
2021,30,0,24502,Adam Scott,167.2,4821787.0,801
2021,31,0,32070,Rafael Campos,167.4,3405497.0,565
2021,32,0,34314,Sebastian Cappelen,167.5,3142238.0,521
2021,33,0,35450,Patrick Cantlay,167.8,5713485.0,946
2021,33,0,26300,Matt Jones,167.8,6966382.0,1153
2021,35,0,25818,Scott Piercy,168.0,5637782.0,932
2021,36,0,30944,Jason Kokrak,168.2,6339411.0,1047
2021,36,0,46970,Jon Rahm,168.2,5388958.0,890
2021,38,0,34213,Grayson Murray,168.7,2970143.0,489
2021,38,0,35658,Kris Ventura,168.7,4262584.0,702
2021,40,0,34264,Hudson Swafford,168.8,5510744.0,907
2021,41,0,31420,Anirban Lahiri,168.9,4548046.0,748
2021,42,0,35104,Tom Lewis,169.0,5871900.0,965
2021,42,0,46442,Maverick McNealy,169.0,5528885.0,909
2021,44,0,47483,Will Zalatoris,169.1,5758207.0,946
2021,45,0,23320,Ryan Palmer,169.2,5584993.0,917
2021,46,0,24781,Hunter Mahan,169.3,3443648.0,565
2021,46,0,47347,Adam Schenk,169.3,6727526.0,1104
2021,46,0,33448,Justin Thomas,169.3,5673896.0,931
2021,49,0,33948,Byeong Hun An,169.4,5812002.0,953
2021,49,0,21961,Charles Howell III,169.4,4477113.0,734
2021,51,0,49964,Aaron Wise,169.6,5885421.0,964
2021,52,0,25804,Bubba Watson,170.0,5017906.0,820
2021,53,0,27141,J.B. Holmes,170.1,3686201.0,602
2021,53,0,46046,Scottie Scheffler,170.1,7091131.0,1158
2021,53,0,51894,Vince Whaley,170.1,4917166.0,803
2021,56,0,29268,Bronson Burgoon,170.2,4699549.0,767
2021,57,0,35891,Cameron Smith,170.3,5837584.0,952
2021,58,0,28089,Jason Day,170.4,4704158.0,767
2021,58,0,37189,Harold Varner III,170.4,6654453.0,1085
2021,60,0,32757,Patton Kizzire,170.7,7640617.0,1243
2021,61,0,29908,C.T. Pan,170.8,5497221.0,894
2021,62,0,28252,Seamus Power,170.9,3574116.0,581
2021,62,0,48081,Xander Schauffele,170.9,5304545.0,862
2021,64,0,32662,Michael Gligic,171.0,5072216.0,824
2021,64,0,48119,Ben Taylor,171.0,2641559.0,429
2021,66,0,24140,Sean O'Hair,171.2,3697060.0,600
2021,66,0,30692,Scott Stallings,171.2,5761948.0,935
2021,68,0,31646,Emiliano Grillo,171.3,5870434.0,952
2021,69,0,37275,Sam Ryder,171.4,5737583.0,930
2021,69,0,25493,Nick Taylor,171.4,7067135.0,1145
2021,71,0,29725,Tony Finau,171.5,6136768.0,994
2021,71,0,33597,Harry Higgs,171.5,6348691.0,1028
2021,71,0,33486,Roger Sloan,171.5,5271579.0,854
2021,74,0,34563,Chesson Hadley,172.0,4917020.0,794
2021,74,0,46717,Viktor Hovland,172.0,5963749.0,963
2021,74,0,28775,Nate Lashley,172.0,4984452.0,805
2021,77,0,27330,Josh Teater,172.4,2835551.0,457
2021,78,0,33404,Chris Baker,172.5,3292117.0,530
2021,78,0,29926,Danny Lee,172.5,4813552.0,775
2021,80,0,32448,James Hahn,172.7,5296604.0,852
2021,80,0,40006,Erik van Rooyen,172.7,5737291.0,923
2021,82,0,37455,Si Woo Kim,172.8,7137118.0,1147
2021,83,0,27095,Nick Watney,173.0,3581450.0,575
2021,84,0,39971,Sungjae Im,173.1,9759002.0,1566
2021,84,0,34431,Robert Streb,173.1,6039058.0,969
2021,86,0,32791,K.H. Lee,173.3,7974389.0,1278
2021,87,0,30911,Tommy Fleetwood,173.4,3994417.0,640
2021,88,0,1810,Phil Mickelson,173.5,5185384.0,830
2021,88,0,46441,Robby Shelton,173.5,6059697.0,970
2021,88,0,31323,Gary Woodland,173.5,4883833.0,782
2021,91,0,34363,Tyrrell Hatton,173.6,3981056.0,637
2021,91,0,33410,Andrew Landry,173.6,5255043.0,841
2021,91,0,34466,Peter Malnati,173.6,5682488.0,909
2021,91,0,29221,Webb Simpson,173.6,5262900.0,842
2021,95,0,48822,Sebastián Muñoz,173.8,7708086.0,1232
2021,95,0,26331,Charl Schwartzel,173.8,6405597.0,1024
2021,95,0,34046,Jordan Spieth,173.8,6301856.0,1007
2021,98,0,27644,Brian Harman,173.9,7351513.0,1174
2021,99,0,24924,Bill Haas,174.0,2680336.0,428
2021,100,0,25364,Paul Casey,174.2,4961285.0,791
2021,100,0,23788,D.J. Trahan,174.2,3981575.0,635
2021,100,0,48887,Matt Wallace,174.2,3266371.0,521
2021,103,0,39953,Chase Seiffert,174.3,4855398.0,774
2021,104,0,33413,Ben Martin,174.4,2945045.0,469
2021,105,0,34099,Harris English,174.5,6757540.0,1076
2021,105,0,33204,Shane Lowry,174.5,5447506.0,867
2021,105,0,22405,Justin Rose,174.5,3512592.0,559
2021,105,0,23623,Bo Van Pelt,174.5,4716964.0,751
2021,109,0,22371,Aaron Baddeley,174.6,3055347.0,486
2021,109,0,29420,Billy Horschel,174.6,6016489.0,957
2021,109,0,49766,Hank Lebioda,174.6,4683467.0,745
2021,112,0,33141,Keegan Bradley,174.7,6780652.0,1078
2021,112,0,29479,Scott Brown,174.7,5496051.0,874
2021,114,0,49771,J.T. Poston,174.8,6816591.0,1083
2021,115,0,35310,Lanto Griffin,174.9,6921675.0,1099
2021,116,0,27770,Camilo Villegas,175.0,5645910.0,896
2021,117,0,30926,Chris Kirk,175.2,6502599.0,1031
2021,117,0,29518,Brendan Steele,175.2,5808750.0,921
2021,119,0,40026,Daniel Berger,175.3,6398407.0,1014
2021,119,0,32839,Hideki Matsuyama,175.3,7327315.0,1161
2021,119,0,50525,Collin Morikawa,175.3,5787588.0,917
2021,122,0,29535,Brice Garnett,175.4,6049837.0,958
2021,122,0,30110,Kyle Stanley,175.4,6440686.0,1020
2021,122,0,33419,Cameron Tringale,175.4,7111765.0,1126
2021,125,0,33120,Mark Anderson,175.5,2987641.0,473
2021,125,0,36871,Matthew NeSmith,175.5,6948816.0,1100
2021,127,0,34076,Joel Dahmen,175.6,5734640.0,907
2021,127,0,31557,Jim Herman,175.6,5151339.0,815
2021,127,0,39324,J.J. Spaun,175.6,4563946.0,722
2021,130,0,27214,Kevin Streelman,175.8,7295948.0,1153
2021,131,0,35230,Nelson Ledesma,175.9,3046006.0,481
2021,132,0,46435,Austin Cook,176.2,5676931.0,895
2021,132,0,19846,Brian Gay,176.2,5436510.0,857
2021,132,0,23621,Rory Sabbatini,176.2,5885107.0,928
2021,135,0,39977,Max Homa,176.3,5832920.0,919
2021,136,0,47128,Richy Werenski,176.5,7276509.0,1145
2021,137,0,45526,Abraham Ancer,176.6,7134957.0,1122
2021,137,0,25900,Lucas Glover,176.6,7114303.0,1119
2021,137,0,27974,Sung Kang,176.6,6498911.0,1022
2021,140,0,25686,Jason Dufner,176.7,6519355.0,1025
2021,140,0,35506,Mackenzie Hughes,176.7,6622864.0,1041
2021,142,0,46402,Talor Gooch,176.8,7210466.0,1133
2021,143,0,39997,Corey Conners,176.9,7373944.0,1158
2021,143,0,53165,Doc Redman,176.9,6038237.0,948
2021,145,0,48045,Michael Gellerman,177.0,2746574.0,431
2021,145,0,49298,Kramer Hickok,177.0,4867298.0,764
2021,145,0,30163,Henrik Norlander,177.0,6588404.0,1034
2021,145,0,22056,Cameron Percy,177.0,5289343.0,830
2021,149,0,52375,Doug Ghim,177.1,6342124.0,995
2021,149,0,29974,Branden Grace,177.1,5515844.0,865
2021,151,0,32102,Rickie Fowler,177.3,5661173.0,887
2021,151,0,32254,Xinjun Zhang,177.3,4397133.0,689
2021,153,0,34098,Russell Henley,177.6,6858450.0,1073
2021,154,0,32816,Satoshi Kodaira,177.7,5437905.0,850
2021,154,0,23108,Matt Kuchar,177.7,5176101.0,809
2021,156,0,47993,Denny McCarthy,177.9,7045543.0,1100
2021,157,0,39975,Michael Kim,178.1,4711769.0,735
2021,157,0,33122,Russell Knox,178.1,7040705.0,1098
2021,157,0,24361,Pat Perez,178.1,6885870.0,1074
2021,160,0,26329,Louis Oosthuizen,178.2,5274697.0,822
2021,161,0,40098,Matt Fitzpatrick,178.3,4698733.0,732
2021,161,0,29478,Kevin Kisner,178.3,6067141.0,945
2021,161,0,26851,Marc Leishman,178.3,5590404.0,871
2021,164,0,27349,Alex Noren,178.4,6510643.0,1014
2021,164,0,32150,Michael Thompson,178.4,6050946.0,942
2021,166,0,24024,Zach Johnson,178.5,6721829.0,1046
2021,167,0,27936,Martin Laird,178.7,6136694.0,954
2021,168,0,35449,Adam Long,178.9,6284156.0,976
2021,168,0,25632,Jimmy Walker,178.9,5505019.0,855
2021,170,0,33490,Bo Hoag,179.0,6701259.0,1040
2021,170,0,34360,Patrick Reed,179.0,5851369.0,908
2021,172,0,25396,Kevin Na,179.1,6931588.0,1075
2021,173,0,33399,Adam Hadwin,179.2,6973041.0,1081
2021,173,0,20396,Lee Westwood,179.2,4548768.0,705
2021,175,0,27942,Rob Oppenheim,179.3,4995181.0,774
2021,176,0,32618,Rhein Gibson,179.4,3364516.0,521
2021,177,0,45609,Tyler Duncan,179.6,6738252.0,1042
2021,178,0,27556,Ted Potter Jr.,179.7,5135231.0,794
2021,179,0,19803,Ryan Armour,180.0,6014945.0,928
2021,179,0,32640,Troy Merritt,180.0,7096169.0,1095
2021,181,0,35532,Tom Hoge,180.1,7883243.0,1216
2021,182,0,34174,John Huh,180.3,4574844.0,705
2021,183,0,24138,Ian Poulter,180.6,4940696.0,760
2021,184,0,26499,Rafa Cabrera Bello,180.7,5368119.0,825
2021,185,0,27649,Brandt Snedeker,181.3,6448013.0,988
2021,186,0,23983,Luke Donald,181.7,4016240.0,614
2021,187,0,26476,Chez Reavie,182.0,6479962.0,989
2021,188,0,32139,Danny Willett,182.5,2516023.0,383
2021,189,0,34256,Andrew Putnam,182.7,6714643.0,1021
2021,190,0,36801,Mark Hubbard,183.8,8151871.0,1232
2021,191,0,28679,Fabián Gómez,184.5,3088949.0,465
2021,192,0,23325,Vaughn Taylor,184.8,5641665.0,848
2021,193,0,31560,Brian Stuard,185.0,8117879.0,1219
2021,194,0,30927,Brendon Todd,187.4,6672423.0,989
2021,195,0,26758,David Hearn,188.5,4308490.0,635
2021,196,0,24357,K.J. Choi,195.7,4192172.0,595
2020,1,0,47959,Bryson DeChambeau,148.3,4579986.0,858
2020,2,0,28420,Ryan Brehm,151.6,2357757.0,432
2020,3,0,21209,Sergio Garcia,153.6,2460903.0,445
2020,4,0,52372,Cameron Champ,154.6,4712912.0,847
2020,5,0,30925,Dustin Johnson,155.9,3670666.0,654
2020,6,0,28237,Rory McIlroy,156.2,3968798.0,706
2020,7,0,46550,Brandon Hagy,156.6,2756133.0,489
2020,8,0,56762,Will Gordon,156.7,1709064.0,303
2020,9,0,25804,Bubba Watson,157.1,4479725.0,792
2020,10,0,40042,Tyler McCumber,157.2,2909715.0,514
2020,11,0,56278,Matthew Wolff,157.6,4929570.0,869
2020,12,0,39546,Keith Mitchell,158.2,3918840.0,688
2020,13,0,35450,Patrick Cantlay,158.9,3500843.0,612
2020,14,2,46970,Jon Rahm,159.0,4549761.0,795
2020,15,-1,33448,Justin Thomas,159.3,4615277.0,805
2020,16,-1,35617,Martin Trainer,159.4,3001840.0,523
2020,17,0,34213,Grayson Murray,159.6,2441440.0,425
2020,18,0,30911,Tommy Fleetwood,160.1,2236225.0,388
2020,19,0,27064,Jhonattan Vegas,160.3,2959863.0,513
2020,20,0,36699,Patrick Rodgers,160.8,5992298.0,1035
2020,21,0,47504,Sam Burns,161.1,4437404.0,765
2020,22,0,1810,Phil Mickelson,161.2,3023559.0,521
2020,23,0,48081,Xander Schauffele,161.3,4946158.0,852
2020,24,0,29725,Tony Finau,161.4,4735234.0,815
2020,25,0,45486,Joaquin Niemann,161.5,5249069.0,903
2020,26,-1,30944,Jason Kokrak,161.7,4133908.0,710
2020,27,0,35658,Kris Ventura,162.1,2234486.0,383
2020,28,0,27129,Luke List,162.2,4735156.0,811
2020,29,1,27974,Sung Kang,162.4,5005932.0,856
2020,30,1,45157,Cam Davis,162.5,3679575.0,629
2020,31,1,36689,Brooks Koepka,162.6,3049688.0,521
2020,32,1,51766,Wyndham Clark,162.8,3668263.0,626
2020,32,1,35461,Beau Hossler,162.8,3891047.0,664
2020,32,4,46046,Scottie Scheffler,162.8,5719019.0,976
2020,35,0,33948,Byeong Hun An,162.9,4843755.0,826
2020,36,0,51894,Vince Whaley,163.0,2247928.0,383
2020,37,1,29926,Danny Lee,163.1,4461411.0,760
2020,37,1,31323,Gary Woodland,163.1,4297225.0,732
2020,39,1,25364,Paul Casey,163.3,3639211.0,619
2020,39,1,27554,Scott Harrington,163.3,4354907.0,741
2020,41,1,24502,Adam Scott,163.4,2430170.0,413
2020,42,1,34314,Sebastian Cappelen,163.6,2786222.0,473
2020,43,1,37455,Si Woo Kim,163.7,4839683.0,821
2020,44,1,46717,Viktor Hovland,163.9,4732110.0,802
2020,45,1,32366,Kevin Chappell,164.0,2568025.0,435
2020,46,1,29518,Brendan Steele,164.7,4576721.0,772
2020,47,1,21961,Charles Howell III,164.8,4088105.0,689
2020,48,1,49964,Aaron Wise,164.9,2777901.0,468
2020,49,2,37189,Harold Varner III,165.0,4710906.0,793
2020,50,2,33597,Harry Higgs,165.2,5667674.0,953
2020,50,5,23320,Ryan Palmer,165.2,4889202.0,822
2020,50,2,49960,Sepp Straka,165.2,5049474.0,849
2020,53,1,29974,Branden Grace,165.4,2721202.0,457
2020,54,2,39997,Corey Conners,165.6,5162658.0,866
2020,55,2,25818,Scott Piercy,165.7,4134412.0,693
2020,56,2,33204,Shane Lowry,165.8,2966997.0,497
2020,56,2,48887,Matt Wallace,165.8,3313300.0,555
2020,58,2,34046,Jordan Spieth,165.9,3869897.0,648
2020,58,2,32333,Kevin Tway,165.9,2872842.0,481
2020,60,2,47347,Adam Schenk,166.1,4581304.0,766
2020,61,3,26300,Matt Jones,166.3,5305222.0,886
2020,61,2,48822,Sebastián Muñoz,166.3,6469801.0,1081
2020,63,2,39971,Sungjae Im,166.5,6570110.0,1096
2020,64,3,37275,Sam Ryder,166.7,4603344.0,767
2020,65,0,32839,Hideki Matsuyama,166.9,5057847.0,842
2020,65,3,29484,Peter Uihlein,166.9,2739438.0,456
2020,67,2,33667,Carlos Ortiz,167.0,5350425.0,890
2020,68,3,25900,Lucas Glover,167.1,4156757.0,691
2020,68,3,33486,Roger Sloan,167.1,3164786.0,526
2020,70,-1,45526,Abraham Ancer,167.5,4678014.0,776
2020,70,6,35506,Mackenzie Hughes,167.5,5137018.0,852
2020,72,1,40026,Daniel Berger,167.6,4686931.0,777
2020,72,1,22405,Justin Rose,167.6,2751390.0,456
2020,72,1,33419,Cameron Tringale,167.6,4391227.0,728
2020,75,1,31420,Anirban Lahiri,167.7,1907610.0,316
2020,75,4,34360,Patrick Reed,167.7,5481580.0,908
2020,77,1,29221,Webb Simpson,167.8,4265047.0,706
2020,77,4,35891,Cameron Smith,167.8,4578434.0,758
2020,79,0,32662,Michael Gligic,167.9,2834300.0,469
2020,80,1,34076,Joel Dahmen,168.0,5285607.0,874
2020,80,1,27644,Brian Harman,168.0,5938219.0,982
2020,80,1,39977,Max Homa,168.0,4807242.0,795
2020,80,1,26329,Louis Oosthuizen,168.0,3338625.0,552
2020,84,2,12716,Charley Hoffman,168.1,4030894.0,666
2020,84,2,46442,Maverick McNealy,168.1,4878850.0,806
2020,86,2,28252,Seamus Power,168.2,1737401.0,287
2020,87,2,32757,Patton Kizzire,168.4,3830636.0,632
2020,88,2,33449,Zack Sucher,168.5,2014345.0,332
2020,88,2,32139,Danny Willett,168.5,2693895.0,444
2020,90,3,46435,Austin Cook,168.7,4026186.0,663
2020,90,3,28089,Jason Day,168.7,3365395.0,554
2020,92,-2,29420,Billy Horschel,168.8,4940005.0,813
2020,93,2,35310,Lanto Griffin,168.9,6785860.0,1116
2020,94,2,28307,Matt Every,169.3,3412725.0,560
2020,95,2,34255,Joseph Bramlett,169.4,3268926.0,536
2020,96,2,35230,Nelson Ledesma,169.5,1983119.0,325
2020,97,2,31646,Emiliano Grillo,169.6,4071606.0,667
2020,97,2,34563,Chesson Hadley,169.6,3858618.0,632
2020,97,23,34363,Tyrrell Hatton,169.6,2882570.0,472
2020,97,2,49771,J.T. Poston,169.6,5372928.0,880
2020,101,1,33122,Russell Knox,169.7,4093709.0,670
2020,102,1,32791,K.H. Lee,169.8,4589883.0,751
2020,103,1,27936,Martin Laird,169.9,2428825.0,397
2020,103,1,35449,Adam Long,169.9,6031360.0,986
2020,103,1,27349,Alex Noren,169.9,3780747.0,618
2020,106,1,29268,Bronson Burgoon,170.0,3781935.0,618
2020,106,1,30692,Scott Stallings,170.0,4491277.0,734
2020,106,1,27095,Nick Watney,170.0,2993530.0,489
2020,109,1,33141,Keegan Bradley,170.1,4848921.0,792
2020,109,1,27330,Josh Teater,170.1,2235091.0,365
2020,111,2,29970,Dylan Frittelli,170.4,5792119.0,944
2020,111,3,50525,Collin Morikawa,170.4,6105252.0,995
2020,113,2,23788,D.J. Trahan,170.7,2770785.0,451
2020,114,2,49766,Hank Lebioda,170.8,3493331.0,568
2020,115,2,25493,Nick Taylor,170.9,4270435.0,694
2020,116,2,23623,Bo Van Pelt,171.0,2604594.0,423
2020,117,2,22056,Cameron Percy,171.1,2814638.0,457
2020,118,2,33399,Adam Hadwin,171.2,4592676.0,745
2020,118,2,34431,Robert Streb,171.2,2705274.0,439
2020,118,2,32254,Xinjun Zhang,171.2,5010584.0,813
2020,121,3,46441,Robby Shelton,171.3,4879159.0,791
2020,122,3,29535,Brice Garnett,171.5,3859718.0,625
2020,122,3,53165,Doc Redman,171.5,5977586.0,968
2020,124,3,32448,James Hahn,171.6,2316025.0,375
2020,125,3,27214,Kevin Streelman,171.8,4903583.0,793
2020,126,3,39324,J.J. Spaun,172.0,4081336.0,659
2020,127,3,33410,Andrew Landry,172.1,4812920.0,777
2020,127,3,26851,Marc Leishman,172.1,4455463.0,719
2020,127,3,27556,Ted Potter Jr.,172.1,2886437.0,466
2020,130,3,49298,Kramer Hickok,172.2,3105055.0,501
2020,130,3,33490,Bo Hoag,172.2,4210371.0,679
2020,130,3,34466,Peter Malnati,172.2,4004346.0,646
2020,130,3,25632,Jimmy Walker,172.2,3439608.0,555
2020,134,3,52375,Doug Ghim,172.5,2409833.0,388
2020,135,3,34099,Harris English,172.6,5865482.0,944
2020,135,3,28775,Nate Lashley,172.6,3890200.0,626
2020,137,3,24924,Bill Haas,172.8,2918382.0,469
2020,137,3,36871,Matthew NeSmith,172.8,4603986.0,740
2020,139,3,46402,Talor Gooch,172.9,6466092.0,1039
2020,139,6,29478,Kevin Kisner,172.9,4880091.0,784
2020,141,2,32102,Rickie Fowler,173.0,3568880.0,573
2020,141,2,28679,Fabián Gómez,173.0,3363736.0,540
2020,143,3,26499,Rafa Cabrera Bello,173.2,3386147.0,543
2020,143,3,32640,Troy Merritt,173.2,4775068.0,766
2020,145,3,20229,Stewart Cink,173.3,3849952.0,617
2020,146,4,29479,Scott Brown,173.4,4344546.0,696
2020,146,4,39953,Chase Seiffert,173.4,3089532.0,495
2020,148,4,47128,Richy Werenski,173.5,4242046.0,679
2020,149,4,27649,Brandt Snedeker,173.6,4317896.0,691
2020,150,4,40098,Matt Fitzpatrick,173.8,3823931.0,611
2020,150,4,35532,Tom Hoge,173.8,5717794.0,914
2020,152,4,19846,Brian Gay,173.9,4306655.0,688
2020,153,4,33120,Mark Anderson,174.2,3205017.0,511
2020,153,4,23621,Rory Sabbatini,174.2,4344948.0,693
2020,153,4,48119,Ben Taylor,174.2,2433487.0,388
2020,156,4,34098,Russell Henley,174.3,5043615.0,804
2020,157,4,24024,Zach Johnson,174.5,4711873.0,750
2020,158,5,45609,Tyler Duncan,174.7,6158001.0,979
2020,159,5,33404,Chris Baker,174.8,2882245.0,458
2020,159,5,34021,Bud Cauley,174.8,5052163.0,803
2020,161,0,25396,Kevin Na,174.9,5163122.0,820
2020,162,4,32618,Rhein Gibson,175.0,2903793.0,461
2020,163,4,26476,Chez Reavie,175.1,5010943.0,795
2020,164,4,48045,Michael Gellerman,175.3,2587572.0,410
2020,164,4,30163,Henrik Norlander,175.3,4916119.0,779
2020,164,4,30110,Kyle Stanley,175.3,3761177.0,596
2020,167,4,26596,Ryan Moore,175.5,2995363.0,474
2020,168,4,33413,Ben Martin,175.6,1933927.0,306
2020,169,4,47993,Denny McCarthy,175.7,5711132.0,903
2020,170,4,36801,Mark Hubbard,175.8,6444316.0,1018
2020,171,4,35732,Wes Roach,175.9,1899347.0,300
2020,171,4,27963,Chris Stroud,175.9,3134631.0,495
2020,171,4,32150,Michael Thompson,175.9,4906223.0,775
2020,174,4,25686,Jason Dufner,176.0,4916182.0,776
2020,175,4,21407,Arjun Atwal,176.2,1744823.0,275
2020,175,4,25349,Tim Wilkinson,176.2,2810225.0,443
2020,177,4,31557,Jim Herman,176.3,4626486.0,729
2020,177,4,24138,Ian Poulter,176.3,3357031.0,529
2020,179,4,29908,C.T. Pan,176.4,3778410.0,595
2020,180,4,24361,Pat Perez,176.5,3519682.0,554
2020,181,5,10809,Jim Furyk,176.8,3194449.0,502
2020,182,5,23108,Matt Kuchar,177.2,4369087.0,685
2020,183,5,19803,Ryan Armour,177.5,3994630.0,625
2020,184,5,23325,Vaughn Taylor,177.6,3881688.0,607
2020,185,5,40009,Dominic Bozzelli,178.1,2077575.0,324
2020,186,5,27942,Rob Oppenheim,178.4,4020702.0,626
2020,187,5,31560,Brian Stuard,178.8,5741903.0,892
2020,188,6,22371,Aaron Baddeley,179.7,3285937.0,508
2020,188,6,25572,Graeme McDowell,179.7,3318378.0,513
2020,188,9,30927,Brendon Todd,179.7,6787012.0,1049
2020,191,5,26758,David Hearn,179.8,3217376.0,497
2020,192,6,40058,Zac Blair,180.2,4508249.0,695
2020,193,7,34256,Andrew Putnam,186.3,2957797.0,441
2019,1,0,52372,Cameron Champ,154.9,5212828.0,935
2019,2,0,25804,Bubba Watson,155.1,3829604.0,686
2019,3,0,46601,Trey Mullinax,155.9,4832314.0,861
2019,4,0,47856,Seth Reeves,156.4,4105681.0,729
2019,5,0,30925,Dustin Johnson,157.6,4375570.0,771
2019,6,0,28237,Rory McIlroy,158.2,4509319.0,792
2019,7,0,35617,Martin Trainer,159.3,3905986.0,681
2019,8,0,36689,Brooks Koepka,159.4,4566731.0,796
2019,9,0,45157,Cam Davis,161.1,4530059.0,781
2019,10,0,33448,Justin Thomas,161.6,4513370.0,776
2019,11,0,35450,Patrick Cantlay,162.2,4625525.0,792
2019,12,0,32333,Kevin Tway,162.3,5385505.0,922
2019,13,0,30946,Alex Prugh,162.5,4592136.0,785
2019,14,0,35421,Brandon Harkins,163.0,5523202.0,941
2019,15,0,51766,Wyndham Clark,163.3,5891589.0,1002
2019,16,0,49964,Aaron Wise,163.6,4429389.0,752
2019,17,0,47504,Sam Burns,163.7,5496882.0,933
2019,18,0,27129,Luke List,164.0,4462803.0,756
2019,19,0,46501,Ollie Schniederjans,164.1,4896434.0,829
2019,20,0,27141,J.B. Holmes,164.2,3907521.0,661
2019,21,0,1810,Phil Mickelson,164.3,3981585.0,673
2019,22,0,23320,Ryan Palmer,164.4,4130717.0,698
2019,23,0,29725,Tony Finau,164.8,5286187.0,891
2019,24,0,39546,Keith Mitchell,165.6,5013145.0,841
2019,24,0,46970,Jon Rahm,165.6,4393321.0,737
2019,26,0,45486,Joaquin Niemann,165.7,6598603.0,1106
2019,26,0,49960,Sepp Straka,165.7,4734948.0,794
2019,26,0,27064,Jhonattan Vegas,165.7,5058922.0,848
2019,29,0,31323,Gary Woodland,165.8,5378428.0,901
2019,30,0,33948,Byeong Hun An,166.2,5025166.0,840
2019,30,0,29223,Sam Saunders,166.2,5473930.0,915
2019,32,0,27330,Josh Teater,166.3,4394436.0,734
2019,33,0,29926,Danny Lee,166.4,5911562.0,987
2019,34,0,36699,Patrick Rodgers,166.5,3721689.0,621
2019,34,0,29484,Peter Uihlein,166.5,4758229.0,794
2019,36,0,39954,Cody Gribble,166.9,4740691.0,789
2019,37,0,47959,Bryson DeChambeau,167.4,5531045.0,918
2019,37,0,48081,Xander Schauffele,167.4,4441752.0,737
2019,39,0,40009,Dominic Bozzelli,167.5,4076100.0,676
2019,39,0,27349,Alex Noren,167.5,3557467.0,590
2019,41,0,34306,John Chin,167.7,3152295.0,522
2019,42,0,37189,Harold Varner III,167.8,6144536.0,1017
2019,42,0,27095,Nick Watney,167.8,5701714.0,944
2019,42,0,37340,Chase Wright,167.8,4735637.0,784
2019,45,0,28089,Jason Day,167.9,3935894.0,651
2019,45,0,30911,Tommy Fleetwood,167.9,4194187.0,694
2019,45,0,36852,Jim Knous,167.9,3234498.0,535
2019,48,0,39997,Corey Conners,168.0,5787177.0,957
2019,49,0,28259,Sangmoon Bae,168.1,3328731.0,550
2019,50,0,35461,Beau Hossler,168.5,5648072.0,931
2019,51,0,48822,Sebastián Muñoz,168.7,5370199.0,884
2019,52,0,33667,Carlos Ortiz,169.1,6026919.0,990
2019,52,0,28252,Seamus Power,169.1,5186145.0,852
2019,54,0,34099,Harris English,169.5,6619141.0,1085
2019,54,0,21961,Charles Howell III,169.5,6219277.0,1019
2019,54,0,34466,Peter Malnati,169.5,6322779.0,1036
2019,57,0,39971,Sungjae Im,169.7,8420458.0,1378
2019,58,0,30944,Jason Kokrak,170.0,6322441.0,1033
2019,58,0,34360,Patrick Reed,170.0,6195200.0,1012
2019,58,0,47347,Adam Schenk,170.0,6921190.0,1131
2019,61,0,35506,Mackenzie Hughes,170.1,5598145.0,914
2019,61,0,33486,Roger Sloan,170.1,5908168.0,965
2019,63,0,40026,Daniel Berger,170.3,5021202.0,819
2019,64,0,25364,Paul Casey,170.4,4699027.0,766
2019,64,0,32058,José de Jesús Rodríguez,170.4,4146273.0,676
2019,66,0,27936,Martin Laird,170.5,6210362.0,1012
2019,66,0,35732,Wes Roach,170.5,4187182.0,682
2019,66,0,25632,Jimmy Walker,170.5,4793780.0,781
2019,69,0,29518,Brendan Steele,170.6,4323747.0,704
2019,70,0,46523,Joey Garber,170.7,3644369.0,593
2019,70,0,21209,Sergio Garcia,170.7,3194862.0,520
2019,70,0,24781,Hunter Mahan,170.7,3963103.0,645
2019,73,0,36799,Stephan Jaeger,170.9,4818122.0,783
2019,74,0,34264,Hudson Swafford,171.0,3982456.0,647
2019,75,0,29974,Branden Grace,171.1,3824915.0,621
2019,76,0,47128,Richy Werenski,171.3,6192534.0,1004
2019,77,0,29970,Dylan Frittelli,171.4,5799640.0,940
2019,77,0,30692,Scott Stallings,171.4,5727603.0,928
2019,79,0,32640,Troy Merritt,171.6,4818478.0,780
2019,80,0,33141,Keegan Bradley,171.7,5717558.0,925
2019,80,0,25493,Nick Taylor,171.7,7367988.0,1192
2019,82,0,46435,Austin Cook,171.8,4502372.0,728
2019,83,0,29268,Bronson Burgoon,172.0,4013017.0,648
2019,83,0,39977,Max Homa,172.0,5900752.0,953
2019,83,0,39324,J.J. Spaun,172.0,5484613.0,886
2019,86,0,32102,Rickie Fowler,172.2,5385842.0,869
2019,86,0,34563,Chesson Hadley,172.2,5077605.0,819
2019,86,0,27644,Brian Harman,172.2,6104850.0,985
2019,86,0,49298,Kramer Hickok,172.2,5052368.0,815
2019,90,0,29535,Brice Garnett,172.3,5633614.0,908
2019,90,0,49766,Hank Lebioda,172.3,4955462.0,799
2019,92,0,46402,Talor Gooch,172.4,4091018.0,659
2019,92,0,25198,Francesco Molinari,172.4,3625382.0,584
2019,92,0,33419,Cameron Tringale,172.4,4374532.0,705
2019,95,0,25818,Scott Piercy,172.6,6064695.0,976
2019,95,0,34046,Jordan Spieth,172.6,5616593.0,904
2019,97,0,49303,Anders Albertson,172.7,4458524.0,717
2019,97,0,26300,Matt Jones,172.7,5715256.0,919
2019,99,0,26851,Marc Leishman,172.8,4896286.0,787
2019,100,0,34076,Joel Dahmen,172.9,6527934.0,1049
2019,100,0,45609,Tyler Duncan,172.9,5608843.0,901
2019,102,0,31557,Jim Herman,173.0,3257526.0,523
2019,102,0,32839,Hideki Matsuyama,173.0,6319795.0,1015
2019,104,0,45526,Abraham Ancer,173.1,6188502.0,993
2019,104,0,27974,Sung Kang,173.1,5995431.0,962
2019,104,0,32757,Patton Kizzire,173.1,4506048.0,723
2019,104,0,40115,Adam Svensson,173.1,4756078.0,763
2019,108,0,12716,Charley Hoffman,173.2,4015722.0,644
2019,109,0,33399,Adam Hadwin,173.5,5328527.0,853
2019,109,0,24502,Adam Scott,173.5,3804153.0,609
2019,111,0,25900,Lucas Glover,173.6,7011124.0,1122
2019,112,0,30191,Julián Etulain,173.9,4383093.0,700
2019,112,0,33410,Andrew Landry,173.9,5628278.0,899
2019,114,0,39327,Ben Silverman,174.1,4875246.0,778
2019,115,0,23108,Matt Kuchar,174.2,5783453.0,922
2019,115,0,32791,K.H. Lee,174.2,5387120.0,859
2019,117,0,35449,Adam Long,174.3,5865355.0,935
2019,117,0,22405,Justin Rose,174.3,4236124.0,675
2019,117,0,37275,Sam Ryder,174.3,5196549.0,828
2019,120,0,29479,Scott Brown,174.4,5934100.0,945
2019,120,0,29221,Webb Simpson,174.4,6008123.0,957
2019,122,0,25686,Jason Dufner,174.5,4944507.0,787
2019,122,0,31646,Emiliano Grillo,174.5,4818349.0,767
2019,122,0,37455,Si Woo Kim,174.5,5106446.0,813
2019,122,0,20572,Rod Pampling,174.5,3567268.0,568
2019,126,0,35376,Roberto Díaz,174.6,4444046.0,707
2019,126,0,28679,Fabián Gómez,174.6,4205888.0,669
2019,128,0,34021,Bud Cauley,174.8,6379944.0,1014
2019,128,0,35532,Tom Hoge,174.8,6225158.0,989
2019,128,0,29420,Billy Horschel,174.8,6059011.0,963
2019,128,0,47993,Denny McCarthy,174.8,5996044.0,953
2019,132,0,27214,Kevin Streelman,175.0,6036538.0,958
2019,132,0,32139,Danny Willett,175.0,4335622.0,688
2019,134,0,27556,Ted Potter Jr.,175.1,5250708.0,833
2019,135,0,24024,Zach Johnson,175.2,4610297.0,731
2019,135,0,49771,J.T. Poston,175.2,7665194.0,1215
2019,135,0,24138,Ian Poulter,175.2,3878644.0,615
2019,135,0,35891,Cameron Smith,175.2,4634795.0,735
2019,139,0,34363,Tyrrell Hatton,175.3,3648588.0,578
2019,140,0,24925,Jonathan Byrd,175.4,3125679.0,495
2019,140,0,23353,J.J. Henry,175.4,3581035.0,567
2019,140,0,33418,Shawn Stefani,175.4,5378805.0,852
2019,143,0,30978,Kiradech Aphibarnrat,175.5,3911388.0,619
2019,143,0,27895,Jonas Blixt,175.5,5552356.0,879
2019,143,0,34431,Robert Streb,175.5,5211488.0,825
2019,146,0,27958,Ryan Blaum,175.6,6310353.0,998
2019,147,0,37380,Curtis Luck,175.7,3820544.0,604
2019,148,0,26329,Louis Oosthuizen,175.9,4141828.0,654
2019,149,0,24924,Bill Haas,176.3,5343311.0,842
2019,149,0,35879,Kelly Kraft,176.3,5672966.0,894
2019,151,0,34098,Russell Henley,176.4,5354455.0,843
2019,152,0,27649,Brandt Snedeker,176.5,7051101.0,1110
2019,152,0,30110,Kyle Stanley,176.5,4829840.0,760
2019,154,0,47990,Kyle Jones,176.9,4771269.0,749
2019,154,0,33122,Russell Knox,176.9,5172484.0,812
2019,154,0,27963,Chris Stroud,176.9,4533055.0,712
2019,157,0,31420,Anirban Lahiri,177.1,5170269.0,811
2019,158,0,28775,Nate Lashley,177.4,4872855.0,763
2019,158,0,23621,Rory Sabbatini,177.4,6706762.0,1050
2019,160,0,30786,Brady Schnell,177.5,3432284.0,537
2019,161,0,40098,Matt Fitzpatrick,177.9,3285127.0,513
2019,162,0,29478,Kevin Kisner,178.2,6307319.0,983
2019,163,0,26476,Chez Reavie,178.6,6256657.0,973
2019,164,0,26951,Johnson Wagner,178.7,4220320.0,656
2019,165,0,21731,Freddie Jacobson,178.9,3515484.0,546
2019,166,0,25572,Graeme McDowell,179.0,4433819.0,688
2019,167,0,32200,Roberto Castro,179.2,5509162.0,854
2019,167,0,25396,Kevin Na,179.2,3922247.0,608
2019,169,0,22371,Aaron Baddeley,179.4,3732803.0,578
2019,170,0,37454,Whee Kim,179.5,4154506.0,643
2019,171,0,32816,Satoshi Kodaira,179.7,4580603.0,708
2019,172,0,39975,Michael Kim,179.9,3957440.0,611
2019,172,0,23325,Vaughn Taylor,179.9,7300717.0,1127
2019,172,0,32150,Michael Thompson,179.9,5808182.0,897
2019,175,0,19846,Brian Gay,180.3,6439699.0,992
2019,176,0,26499,Rafa Cabrera Bello,180.5,4302269.0,662
2019,177,0,20472,Alex Cejka,180.8,3585503.0,551
2019,178,0,29908,C.T. Pan,182.1,5441547.0,830
2019,179,0,19803,Ryan Armour,182.2,6762462.0,1031
2019,180,0,26758,David Hearn,182.3,3091280.0,471
2019,181,0,6522,Ernie Els,182.4,2750869.0,419
2019,182,0,34256,Andrew Putnam,182.7,5130639.0,780
2019,183,0,26596,Ryan Moore,183.9,5805523.0,877
2019,184,0,24361,Pat Perez,184.3,3768008.0,568
2019,185,0,21528,Henrik Stenson,185.6,3862355.0,578
2019,186,0,31560,Brian Stuard,185.7,7137877.0,1068
2019,187,0,34261,Scott Langley,186.8,5979731.0,889
2019,188,0,10809,Jim Furyk,187.4,5348878.0,793
2018,1,0,25804,Bubba Watson,154.6,5263984.0,946
2018,2,0,30925,Dustin Johnson,154.9,4822632.0,865
2018,2,0,36689,Brooks Koepka,154.9,4182187.0,750
2018,4,0,28237,Rory McIlroy,155.1,3868962.0,693
2018,5,0,46970,Jon Rahm,155.3,3986512.0,713
2018,6,0,46601,Trey Mullinax,155.8,4542889.0,810
2018,7,0,39546,Keith Mitchell,156.8,6491863.0,1150
2018,8,0,50526,Tom Lovelady,156.9,5309641.0,940
2018,9,0,33448,Justin Thomas,159.8,5449597.0,947
2018,10,0,27129,Luke List,160.3,6232994.0,1080
2018,11,0,32366,Kevin Chappell,160.6,4994235.0,864
2018,12,0,32333,Kevin Tway,161.3,7189936.0,1238
2018,13,0,29725,Tony Finau,161.7,6486532.0,1114
2018,14,0,34213,Grayson Murray,161.9,4704113.0,807
2018,15,0,31323,Gary Woodland,162.0,5674435.0,973
2018,16,0,35450,Patrick Cantlay,162.1,5457219.0,935
2018,17,0,29518,Brendan Steele,162.9,4434456.0,756
2018,18,0,23320,Ryan Palmer,163.8,4824531.0,818
2018,19,0,26300,Matt Jones,163.9,3817039.0,647
2018,20,0,35421,Brandon Harkins,164.0,6891368.0,1167
2018,21,0,48081,Xander Schauffele,164.1,5914971.0,1001
2018,22,0,30944,Jason Kokrak,164.2,7164264.0,1212
2018,23,0,47959,Bryson DeChambeau,165.0,6425817.0,1082
2018,24,0,34264,Hudson Swafford,165.1,4268762.0,718
2018,25,0,34046,Jordan Spieth,165.4,5448546.0,915
2018,26,0,24358,Robert Garrigus,165.5,5559393.0,933
2018,27,0,47125,Matt Atkins,165.6,3326832.0,558
2018,27,0,29223,Sam Saunders,165.6,5501220.0,923
2018,29,0,37189,Harold Varner III,165.8,6057224.0,1015
2018,30,0,27141,J.B. Holmes,166.0,5627830.0,942
2018,30,0,22056,Cameron Percy,166.0,3389305.0,567
2018,32,0,33948,Byeong Hun An,166.2,6042499.0,1010
2018,32,0,39997,Corey Conners,166.2,6550898.0,1095
2018,34,0,30911,Tommy Fleetwood,166.5,4496696.0,750
2018,34,0,35310,Lanto Griffin,166.5,4958489.0,827
2018,34,0,29484,Peter Uihlein,166.5,5387952.0,899
2018,37,0,25198,Francesco Molinari,166.8,4767763.0,794
2018,37,0,49771,J.T. Poston,166.8,4743146.0,790
2018,39,0,28089,Jason Day,167.1,4077642.0,678
2018,39,0,47347,Adam Schenk,167.1,5438898.0,904
2018,41,0,35461,Beau Hossler,167.2,7477105.0,1242
2018,42,0,32757,Patton Kizzire,167.6,6505425.0,1078
2018,43,0,29268,Bronson Burgoon,167.8,4783426.0,792
2018,43,0,27064,Jhonattan Vegas,167.8,5377694.0,890
2018,45,0,28252,Seamus Power,168.0,5497006.0,909
2018,45,0,49964,Aaron Wise,168.0,6708905.0,1109
2018,47,0,29485,Brett Stegmaier,168.3,3914292.0,646
2018,47,0,27095,Nick Watney,168.3,6663421.0,1100
2018,49,0,28500,Martin Flores,168.5,6012994.0,991
2018,50,0,36799,Stephan Jaeger,168.6,5249226.0,865
2018,50,0,36699,Patrick Rodgers,168.6,6064342.0,999
2018,52,0,34076,Joel Dahmen,169.0,5987006.0,984
2018,53,0,24781,Hunter Mahan,169.1,4316335.0,709
2018,53,0,32839,Hideki Matsuyama,169.1,4851517.0,797
2018,53,0,39324,J.J. Spaun,169.1,5982749.0,983
2018,56,0,1810,Phil Mickelson,169.3,5895309.0,967
2018,57,0,26851,Marc Leishman,169.4,6164393.0,1011
2018,58,0,27644,Brian Harman,169.6,6117596.0,1002
2018,58,0,47287,Ethan Tracy,169.6,4541553.0,744
2018,60,0,30692,Scott Stallings,169.7,6743472.0,1104
2018,61,0,12716,Charley Hoffman,169.9,5732199.0,937
2018,62,0,25364,Paul Casey,170.0,4112655.0,672
2018,63,0,45526,Abraham Ancer,170.1,7036019.0,1149
2018,63,0,25686,Jason Dufner,170.1,4421185.0,722
2018,65,0,37338,Zecheng Dou,170.2,3026474.0,494
2018,65,0,28307,Matt Every,170.2,5043330.0,823
2018,67,0,29420,Billy Horschel,170.4,6594236.0,1075
2018,67,0,35891,Cameron Smith,170.4,5184315.0,845
2018,67,0,32254,Xinjun Zhang,170.4,4845311.0,790
2018,70,0,35545,Blayne Barber,170.5,5040277.0,821
2018,70,0,27895,Jonas Blixt,170.5,4044519.0,659
2018,70,0,34563,Chesson Hadley,170.5,7550232.0,1230
2018,73,0,39328,Conrad Shindler,170.6,3752528.0,611
2018,74,0,29461,Jamie Lovemark,170.8,6602809.0,1074
2018,74,0,23621,Rory Sabbatini,170.8,6382592.0,1038
2018,76,0,20229,Stewart Cink,170.9,5697350.0,926
2018,77,0,34363,Tyrrell Hatton,171.0,3601104.0,585
2018,78,0,21961,Charles Howell III,171.1,6638498.0,1078
2018,78,0,28775,Nate Lashley,171.1,2975091.0,483
2018,78,0,22405,Justin Rose,171.1,4508572.0,732
2018,78,0,25892,Steve Wheatcroft,171.1,3929772.0,638
2018,82,0,32448,James Hahn,171.2,5904754.0,958
2018,82,0,25818,Scott Piercy,171.2,5818597.0,944
2018,82,0,37275,Sam Ryder,171.2,5936181.0,963
2018,85,0,33204,Shane Lowry,171.3,4293344.0,696
2018,86,0,40009,Dominic Bozzelli,171.4,5140618.0,833
2018,86,0,34099,Harris English,171.4,5761522.0,934
2018,88,0,34360,Patrick Reed,171.5,5352173.0,867
2018,88,0,27963,Chris Stroud,171.5,4922035.0,797
2018,90,0,39954,Cody Gribble,171.6,4595941.0,744
2018,91,0,40026,Daniel Berger,171.7,5335390.0,863
2018,91,0,34466,Peter Malnati,171.7,6372900.0,1031
2018,91,0,46501,Ollie Schniederjans,171.7,6519966.0,1055
2018,91,0,30110,Kyle Stanley,171.7,5771752.0,934
2018,95,0,33410,Andrew Landry,171.8,6265983.0,1013
2018,96,0,33418,Shawn Stefani,171.9,5130504.0,829
2018,97,0,32102,Rickie Fowler,172.0,5256716.0,849
2018,98,0,29535,Brice Garnett,172.1,6943691.0,1121
2018,98,0,35506,Mackenzie Hughes,172.1,5806779.0,937
2018,98,0,24502,Adam Scott,172.1,5142785.0,830
2018,101,0,46435,Austin Cook,172.4,7906942.0,1274
2018,102,0,20157,Retief Goosen,172.5,3389896.0,546
2018,102,0,37455,Si Woo Kim,172.5,6724642.0,1083
2018,104,0,31420,Anirban Lahiri,172.6,5746182.0,925
2018,104,0,26331,Charl Schwartzel,172.6,3584437.0,577
2018,106,0,24140,Sean O'Hair,172.7,4856923.0,781
2018,107,0,45609,Tyler Duncan,172.8,6985323.0,1123
2018,107,0,29974,Branden Grace,172.8,3789389.0,609
2018,107,0,27936,Martin Laird,172.8,5224595.0,840
2018,107,0,26329,Louis Oosthuizen,172.8,3969032.0,638
2018,111,0,47993,Denny McCarthy,172.9,4225646.0,679
2018,112,0,32150,Michael Thompson,173.1,4836425.0,776
2018,113,0,27214,Kevin Streelman,173.2,7062815.0,1133
2018,114,0,26499,Rafa Cabrera Bello,173.4,4188188.0,671
2018,115,0,24925,Jonathan Byrd,173.7,4126832.0,660
2018,115,0,46402,Talor Gooch,173.7,5304145.0,848
2018,115,0,29478,Kevin Kisner,173.7,5665808.0,906
2018,118,0,22371,Aaron Baddeley,173.8,6012099.0,961
2018,118,0,33141,Keegan Bradley,173.8,6919997.0,1106
2018,118,0,28679,Fabián Gómez,173.8,6144953.0,982
2018,118,0,29221,Webb Simpson,173.8,7027256.0,1123
2018,118,0,35544,Andrew Yun,173.8,2947438.0,471
2018,123,0,35532,Tom Hoge,173.9,7162583.0,1144
2018,123,0,27349,Alex Noren,173.9,4275709.0,683
2018,125,0,25572,Graeme McDowell,174.1,3986888.0,636
2018,126,0,30978,Kiradech Aphibarnrat,174.2,2973021.0,474
2018,126,0,34098,Russell Henley,174.2,5078270.0,810
2018,126,0,29926,Danny Lee,174.2,6056341.0,966
2018,126,0,25493,Nick Taylor,174.2,6454500.0,1029
2018,130,0,29908,C.T. Pan,174.3,7142525.0,1138
2018,130,0,47128,Richy Werenski,174.3,6430179.0,1025
2018,132,0,8793,Tiger Woods,174.4,5110110.0,814
2018,133,0,32640,Troy Merritt,174.5,6343250.0,1010
2018,134,0,32816,Satoshi Kodaira,174.6,3494065.0,556
2018,135,0,33399,Adam Hadwin,174.7,5753495.0,915
2018,136,0,31646,Emiliano Grillo,174.9,6390928.0,1015
2018,136,0,37278,Nicholas Lindheim,174.9,5143410.0,817
2018,138,0,29479,Scott Brown,175.0,6993938.0,1110
2018,139,0,28132,Tyrone Van Aswegen,175.2,7171806.0,1137
2018,140,0,35376,Roberto Díaz,175.3,4910003.0,778
2018,140,0,33413,Ben Martin,175.3,4942006.0,783
2018,140,0,24361,Pat Perez,175.3,4517306.0,716
2018,143,0,27958,Ryan Blaum,175.4,6306693.0,999
2018,143,0,39327,Ben Silverman,175.4,6622654.0,1049
2018,143,0,27649,Brandt Snedeker,175.4,6465857.0,1024
2018,146,0,24024,Zach Johnson,175.7,6311164.0,998
2018,146,0,23325,Vaughn Taylor,175.7,6153409.0,973
2018,146,0,25632,Jimmy Walker,175.7,5729446.0,906
2018,149,0,34409,David Lingmerth,175.9,6041279.0,954
2018,149,0,32876,Martin Piller,175.9,5843685.0,923
2018,151,0,23353,J.J. Henry,176.0,5556225.0,877
2018,152,0,24924,Bill Haas,176.1,5782313.0,912
2018,152,0,27974,Sung Kang,176.1,5774191.0,911
2018,154,0,31202,William McGirt,176.2,6558425.0,1034
2018,155,0,33419,Cameron Tringale,176.4,4349782.0,685
2018,156,0,12510,Chad Campbell,176.5,5901649.0,929
2018,156,0,25900,Lucas Glover,176.5,4035910.0,635
2018,158,0,34256,Andrew Putnam,176.7,6779608.0,1066
2018,159,0,30926,Chris Kirk,176.8,8454588.0,1328
2018,159,0,33122,Russell Knox,176.8,6510646.0,1023
2018,161,0,22582,Kyle Thompson,177.2,3170743.0,497
2018,162,0,31416,Derek Fathauer,177.3,5962043.0,934
2018,163,0,34021,Bud Cauley,177.4,3601856.0,564
2018,163,0,26596,Ryan Moore,177.4,5867467.0,919
2018,165,0,26758,David Hearn,177.7,4451697.0,696
2018,165,0,26476,Chez Reavie,177.7,5322731.0,832
2018,167,0,34431,Robert Streb,177.8,5287310.0,826
2018,168,0,24846,Ricky Barnes,177.9,3958381.0,618
2018,169,0,34358,Jonathan Randolph,178.2,5338011.0,832
2018,170,0,20572,Rod Pampling,178.3,3979847.0,620
2018,171,0,21528,Henrik Stenson,178.4,3944221.0,614
2018,172,0,25396,Kevin Na,178.5,6239075.0,971
2018,173,0,35879,Kelly Kraft,178.6,6525177.0,1015
2018,174,0,27556,Ted Potter Jr.,178.7,6872265.0,1068
2018,175,0,20472,Alex Cejka,178.8,5330248.0,828
2018,175,0,26951,Johnson Wagner,178.8,4912553.0,763
2018,177,0,39975,Michael Kim,178.9,4713706.0,732
2018,178,0,40058,Zac Blair,179.1,4107050.0,637
2018,178,0,23108,Matt Kuchar,179.1,5791096.0,898
2018,180,0,25834,Daniel Summerhays,179.3,3389202.0,525
2018,181,0,24138,Ian Poulter,179.4,4482607.0,694
2018,182,0,19803,Ryan Armour,179.5,8646917.0,1338
2018,182,0,34174,John Huh,179.5,7355600.0,1138
2018,182,0,27942,Rob Oppenheim,179.5,4833796.0,748
2018,185,0,19846,Brian Gay,180.2,8252937.0,1272
2018,186,0,29222,Billy Hurley III,180.3,5057642.0,779
2018,187,0,23541,Ben Crane,181.5,4175210.0,639
2018,188,0,25240,D.A. Points,181.8,4294424.0,656
2018,189,0,37454,Whee Kim,182.3,6555822.0,999
2018,190,0,20593,Greg Chalmers,182.5,3692959.0,562
2018,191,0,48084,Wesley Bryan,182.7,4596819.0,699
2018,192,0,31560,Brian Stuard,183.4,8060419.0,1221
2018,193,0,10809,Jim Furyk,187.2,4306757.0,639
2017,1,0,28237,Rory McIlroy,152.9,2708852.0,492
2017,2,0,30925,Dustin Johnson,156.9,4660952.0,825
2017,3,0,36689,Brooks Koepka,159.3,5286156.0,922
2017,4,0,32333,Kevin Tway,160.1,5891280.0,1022
2017,5,0,29725,Tony Finau,160.3,7272948.0,1260
2017,6,0,28420,Ryan Brehm,160.4,5151025.0,892
2017,6,0,46601,Trey Mullinax,160.4,5527573.0,957
2017,8,0,46550,Brandon Hagy,160.6,5515287.0,954
2017,8,0,23320,Ryan Palmer,160.6,3885210.0,672
2017,10,0,34213,Grayson Murray,160.7,6686555.0,1156
2017,11,0,46970,Jon Rahm,160.8,5278550.0,912
2017,12,0,33448,Justin Thomas,162.0,5218152.0,895
2017,12,0,25804,Bubba Watson,162.0,4287415.0,735
2017,14,0,46440,Smylie Kaufman,162.9,5056607.0,862
2017,14,0,27129,Luke List,162.9,6949335.0,1185
2017,14,0,35300,Andrew Loupe,162.9,3741929.0,638
2017,17,0,23497,Tag Ridings,163.0,4025934.0,686
2017,18,0,48081,Xander Schauffele,163.4,5999397.0,1020
2017,19,0,46732,Rick Lamb,163.6,3114891.0,529
2017,20,0,27141,J.B. Holmes,163.7,4951721.0,840
2017,21,0,21209,Sergio Garcia,164.1,3780603.0,640
2017,22,0,28500,Martin Flores,164.7,5442088.0,918
2017,23,0,28089,Jason Day,165.0,4543820.0,765
2017,24,0,29461,Jamie Lovemark,165.3,6551664.0,1101
2017,25,0,30944,Jason Kokrak,165.4,6805616.0,1143
2017,26,0,31420,Anirban Lahiri,165.5,4843327.0,813
2017,26,0,36699,Patrick Rodgers,165.5,5378861.0,903
2017,28,0,34046,Jordan Spieth,165.7,5637710.0,945
2017,29,0,26300,Matt Jones,166.0,4170477.0,698
2017,30,0,30692,Scott Stallings,166.2,5577270.0,932
2017,31,0,24358,Robert Garrigus,166.4,4918396.0,821
2017,31,0,27064,Jhonattan Vegas,166.4,5906577.0,986
2017,33,0,46501,Ollie Schniederjans,166.5,6689663.0,1116
2017,34,0,32366,Kevin Chappell,166.9,5968030.0,993
2017,35,0,47959,Bryson DeChambeau,167.4,6056886.0,1005
2017,36,0,34264,Hudson Swafford,167.5,6302936.0,1045
2017,37,0,31323,Gary Woodland,167.7,5619247.0,931
2017,38,0,29720,Andres Gonzales,167.8,4736347.0,784
2017,39,0,12716,Charley Hoffman,167.9,7837819.0,1297
2017,40,0,28307,Matt Every,168.1,4979191.0,823
2017,41,0,37189,Harold Varner III,168.2,7158064.0,1182
2017,42,0,27095,Nick Watney,168.4,5287850.0,872
2017,43,0,46443,Brian Campbell,168.6,3422554.0,564
2017,43,0,27974,Sung Kang,168.6,6832863.0,1126
2017,43,0,48822,Sebastián Muñoz,168.6,3270750.0,539
2017,43,0,24140,Sean O'Hair,168.6,5838124.0,962
2017,47,0,32839,Hideki Matsuyama,168.7,4993295.0,822
2017,48,0,25818,Scott Piercy,168.9,4122681.0,678
2017,49,0,40009,Dominic Bozzelli,169.0,4588106.0,754
2017,49,0,26851,Marc Leishman,169.0,6167946.0,1014
2017,51,0,29420,Billy Horschel,169.1,6721782.0,1104
2017,51,0,28252,Seamus Power,169.1,5678873.0,933
2017,51,0,22405,Justin Rose,169.1,4451150.0,731
2017,54,0,29518,Brendan Steele,169.2,5986970.0,983
2017,55,0,33461,Morgan Hoffmann,169.3,6836512.0,1122
2017,55,0,23621,Rory Sabbatini,169.3,4492708.0,737
2017,57,0,21961,Charles Howell III,169.4,5712922.0,937
2017,57,0,22056,Cameron Percy,169.4,4622555.0,758
2017,59,0,24781,Hunter Mahan,169.7,4977896.0,815
2017,60,0,24502,Adam Scott,169.8,3527840.0,577
2017,61,0,39954,Cody Gribble,169.9,5860131.0,958
2017,62,0,40026,Daniel Berger,170.1,5884630.0,961
2017,62,0,25900,Lucas Glover,170.1,7256587.0,1185
2017,64,0,27436,Graham DeLaet,170.4,5998130.0,978
2017,64,0,34360,Patrick Reed,170.4,7146118.0,1165
2017,66,0,33948,Byeong Hun An,170.8,4815189.0,783
2017,67,0,34431,Robert Streb,170.9,7085651.0,1152
2017,68,0,28093,Miguel Angel Carballo,171.0,3669628.0,596
2017,68,0,29289,S.Y. Noh,171.0,6243878.0,1014
2017,70,0,33141,Keegan Bradley,171.1,7774842.0,1262
2017,71,0,34021,Bud Cauley,171.2,6987981.0,1134
2017,71,0,29485,Brett Stegmaier,171.2,4912872.0,797
2017,73,0,35450,Patrick Cantlay,171.3,3933307.0,638
2017,73,0,25686,Jason Dufner,171.3,6142873.0,996
2017,73,0,35532,Tom Hoge,171.3,3292964.0,534
2017,76,0,34099,Harris English,171.4,5995908.0,972
2017,76,0,30191,Julián Etulain,171.4,4338994.0,703
2017,78,0,25191,Gonzalo Fernandez-Castaño,171.5,3748373.0,607
2017,78,0,49771,J.T. Poston,171.5,6218774.0,1007
2017,80,0,30110,Kyle Stanley,171.8,8103216.0,1310
2017,81,0,26289,Boo Weekley,171.9,5215800.0,843
2017,82,0,20229,Stewart Cink,172.2,6918017.0,1116
2017,82,0,35506,Mackenzie Hughes,172.2,8263340.0,1333
2017,84,0,26329,Louis Oosthuizen,172.4,4387932.0,707
2017,84,0,26331,Charl Schwartzel,172.4,4096684.0,660
2017,86,0,33122,Russell Knox,172.5,4681671.0,754
2017,86,0,1810,Phil Mickelson,172.5,5906181.0,951
2017,86,0,39324,J.J. Spaun,172.5,6166228.0,993
2017,89,0,28679,Fabián Gómez,172.6,4423950.0,712
2017,90,0,20157,Retief Goosen,172.7,3487805.0,561
2017,90,0,33418,Shawn Stefani,172.7,5147297.0,828
2017,92,0,25632,Jimmy Walker,172.9,4320352.0,694
2017,93,0,35110,Brett Drewitt,173.0,3680879.0,591
2017,94,0,32757,Patton Kizzire,173.1,6080992.0,976
2017,94,0,27214,Kevin Streelman,173.1,6679939.0,1072
2017,96,0,31557,Jim Herman,173.3,5701696.0,914
2017,97,0,32102,Rickie Fowler,173.5,5407501.0,866
2017,97,0,29974,Branden Grace,173.5,4104788.0,657
2017,97,0,34098,Russell Henley,173.5,7401034.0,1185
2017,97,0,37455,Si Woo Kim,173.5,5189776.0,831
2017,101,0,47128,Richy Werenski,173.6,5254554.0,841
2017,102,0,23353,J.J. Henry,173.7,6497604.0,1039
2017,103,0,25493,Nick Taylor,173.8,7187850.0,1149
2017,104,0,27895,Jonas Blixt,174.0,5054853.0,807
2017,104,0,29223,Sam Saunders,174.0,5297966.0,846
2017,106,0,32448,James Hahn,174.3,7057580.0,1125
2017,106,0,20572,Rod Pampling,174.3,5760875.0,918
2017,108,0,39975,Michael Kim,174.7,7245094.0,1152
2017,108,0,31202,William McGirt,174.7,6345662.0,1009
2017,110,0,25364,Paul Casey,175.0,6212069.0,986
2017,110,0,33204,Shane Lowry,175.0,3325536.0,528
2017,112,0,31646,Emiliano Grillo,175.1,5775358.0,916
2017,112,0,33413,Ben Martin,175.1,6101269.0,968
2017,114,0,35545,Blayne Barber,175.2,5814102.0,922
2017,114,0,29479,Scott Brown,175.2,6806554.0,1079
2017,116,0,35879,Kelly Kraft,175.3,5634766.0,893
2017,116,0,29926,Danny Lee,175.3,6576081.0,1042
2017,116,0,27649,Brandt Snedeker,175.3,3672232.0,582
2017,119,0,27644,Brian Harman,175.6,7537292.0,1192
2017,119,0,32640,Troy Merritt,175.6,6069890.0,960
2017,119,0,23325,Vaughn Taylor,175.6,6694782.0,1059
2017,122,0,27936,Martin Laird,175.7,6320184.0,999
2017,123,0,29478,Kevin Kisner,175.9,6795551.0,1073
2017,123,0,34409,David Lingmerth,175.9,5959884.0,941
2017,123,0,35891,Cameron Smith,175.9,6173124.0,975
2017,126,0,31416,Derek Fathauer,176.0,5577058.0,880
2017,126,0,22046,Geoff Ogilvy,176.0,5859373.0,925
2017,128,0,29740,Brad Fritsch,176.1,3690164.0,582
2017,129,0,25198,Francesco Molinari,176.2,5207983.0,821
2017,130,0,29908,C.T. Pan,176.3,6664751.0,1050
2017,131,0,30852,Ryo Ishikawa,176.8,3724093.0,585
2017,131,0,25834,Daniel Summerhays,176.8,7230730.0,1136
2017,133,0,36801,Mark Hubbard,176.9,5322663.0,836
2017,133,0,27963,Chris Stroud,176.9,4229806.0,664
2017,135,0,24924,Bill Haas,177.0,6366120.0,999
2017,136,0,33120,Mark Anderson,177.1,3717537.0,583
2017,136,0,34466,Peter Malnati,177.1,6420499.0,1007
2017,138,0,28132,Tyrone Van Aswegen,177.2,7029511.0,1102
2017,139,0,12510,Chad Campbell,177.4,7530358.0,1179
2017,139,0,24361,Pat Perez,177.4,6500523.0,1018
2017,141,0,37454,Whee Kim,177.9,5411234.0,845
2017,141,0,37278,Nicholas Lindheim,177.9,3888128.0,607
2017,141,0,26951,Johnson Wagner,177.9,4995374.0,780
2017,144,0,33399,Adam Hadwin,178.2,6998437.0,1091
2017,144,0,29221,Webb Simpson,178.2,7472586.0,1165
2017,146,0,30926,Chris Kirk,178.3,6160584.0,960
2017,147,0,27958,Ryan Blaum,178.6,7308921.0,1137
2017,147,0,25274,Steven Bowditch,178.6,3837589.0,597
2017,147,0,20472,Alex Cejka,178.6,5485113.0,853
2017,147,0,19846,Brian Gay,178.6,6100946.0,949
2017,151,0,29476,Kyle Reifers,178.7,6528413.0,1015
2017,152,0,34358,Jonathan Randolph,178.9,4566531.0,709
2017,153,0,22371,Aaron Baddeley,179.1,4054534.0,629
2017,153,0,24357,K.J. Choi,179.1,4804291.0,745
2017,155,0,23108,Matt Kuchar,179.2,6882155.0,1067
2017,155,0,32150,Michael Thompson,179.2,3891107.0,603
2017,157,0,24846,Ricky Barnes,179.3,6837148.0,1059
2017,158,0,25892,Steve Wheatcroft,179.4,3603698.0,558
2017,159,0,26499,Rafa Cabrera Bello,179.7,4114008.0,636
2017,159,0,27770,Camilo Villegas,179.7,5532105.0,855
2017,161,0,24024,Zach Johnson,180.0,6110341.0,943
2017,162,0,6522,Ernie Els,180.1,3280949.0,506
2017,163,0,20593,Greg Chalmers,180.3,6108589.0,941
2017,163,0,24138,Ian Poulter,180.3,4918750.0,758
2017,165,0,34174,John Huh,180.4,6853275.0,1055
2017,165,0,26476,Chez Reavie,180.4,7467953.0,1150
2017,167,0,26758,David Hearn,180.5,6393169.0,984
2017,167,0,26596,Ryan Moore,180.5,5872631.0,904
2017,169,0,29222,Billy Hurley III,181.3,6181174.0,947
2017,170,0,20771,Steven Alker,181.6,4634707.0,709
2017,170,0,25349,Tim Wilkinson,181.6,4125817.0,631
2017,172,0,25396,Kevin Na,181.8,5975419.0,913
2017,173,0,24507,Jason Bohn,181.9,5579890.0,852
2017,174,0,25345,Carl Pettersson,182.0,4672578.0,713
2017,175,0,27466,Spencer Levin,182.1,6076029.0,927
2017,176,0,33419,Cameron Tringale,182.5,5860812.0,892
2017,177,0,32200,Roberto Castro,182.8,4915390.0,747
2017,178,0,25720,Chad Collins,183.4,4905234.0,743
2017,179,0,20104,Ken Duke,183.5,5508895.0,834
2017,180,0,23541,Ben Crane,183.7,6315832.0,955
2017,181,0,19803,Ryan Armour,184.1,4526481.0,683
2017,182,0,23983,Luke Donald,184.6,3894360.0,586
2017,183,0,40058,Zac Blair,185.1,7509021.0,1127
2017,184,0,25240,D.A. Points,185.8,5378179.0,804
2017,185,0,48084,Wesley Bryan,186.5,7096038.0,1057
2017,186,0,23800,Bryce Molder,186.8,5864350.0,872
2017,186,0,31560,Brian Stuard,186.8,6448765.0,959
2017,188,0,25572,Graeme McDowell,187.2,4669605.0,693
2017,189,0,22986,Søren Kjeldsen,191.5,3239727.0,470
2017,190,0,10809,Jim Furyk,194.4,4261812.0,609
2016,1,0,25804,Bubba Watson,156.8,4020159.0,712
2016,2,0,30925,Dustin Johnson,157.1,4919124.0,870
2016,3,0,27141,J.B. Holmes,157.8,4778361.0,841
2016,4,0,35300,Andrew Loupe,159.7,5215650.0,907
2016,5,0,29725,Tony Finau,162.3,6230031.0,1066
2016,6,0,36689,Brooks Koepka,163.3,4898020.0,833
2016,7,0,28237,Rory McIlroy,163.4,3918058.0,666
2016,8,0,36699,Patrick Rodgers,164.3,5760934.0,974
2016,9,0,27129,Luke List,164.6,5272404.0,890
2016,10,0,24358,Robert Garrigus,165.1,4493401.0,756
2016,11,0,23320,Ryan Palmer,165.5,6429085.0,1079
2016,12,0,28089,Jason Day,165.6,4447288.0,746
2016,13,0,46440,Smylie Kaufman,166.7,5953278.0,992
2016,13,0,29461,Jamie Lovemark,166.7,6806550.0,1134
2016,13,0,33448,Justin Thomas,166.7,6138242.0,1023
2016,16,0,30944,Jason Kokrak,166.9,6189866.0,1030
2016,17,0,24140,Sean O'Hair,167.0,6942435.0,1155
2016,18,0,32618,Rhein Gibson,167.3,3632592.0,603
2016,19,0,34264,Hudson Swafford,167.9,7586287.0,1255
2016,20,0,33410,Andrew Landry,168.0,2763369.0,457
2016,21,0,35451,Scott Pinckney,168.2,5963427.0,985
2016,21,0,24502,Adam Scott,168.2,4697979.0,776
2016,23,0,25632,Jimmy Walker,168.6,5948153.0,980
2016,24,0,31323,Gary Woodland,168.9,6488654.0,1067
2016,25,0,37273,Derek Ernst,169.2,3611616.0,593
2016,25,0,32102,Rickie Fowler,169.2,5410217.0,888
2016,27,0,20691,Greg Owen,169.5,5815448.0,953
2016,27,0,25818,Scott Piercy,169.5,5474711.0,897
2016,29,0,20229,Stewart Cink,169.7,4092847.0,670
2016,29,0,33667,Carlos Ortiz,169.7,5033769.0,824
2016,31,0,21961,Charles Howell III,169.9,6628940.0,1084
2016,32,0,27064,Jhonattan Vegas,170.1,6864736.0,1121
2016,33,0,34098,Russell Henley,170.7,5812124.0,946
2016,33,0,37189,Harold Varner III,170.7,6792043.0,1105
2016,35,0,28158,Steve Marino,170.9,4731270.0,769
2016,36,0,37455,Si Woo Kim,171.2,8429274.0,1368
2016,36,0,28114,Dawie van der Walt,171.2,4763671.0,773
2016,38,0,25274,Steven Bowditch,171.5,4518221.0,732
2016,39,0,33141,Keegan Bradley,171.6,5343441.0,865
2016,39,0,25686,Jason Dufner,171.6,6746231.0,1092
2016,39,0,21209,Sergio Garcia,171.6,2632054.0,426
2016,39,0,33461,Morgan Hoffmann,171.6,4985481.0,807
2016,39,0,22405,Justin Rose,171.6,4206266.0,681
2016,44,0,27936,Martin Laird,171.7,5947008.0,962
2016,44,0,29485,Brett Stegmaier,171.7,6402887.0,1036
2016,46,0,25493,Nick Taylor,171.8,5628436.0,910
2016,46,0,26289,Boo Weekley,171.8,6042887.0,977
2016,48,0,33204,Shane Lowry,172.0,3183129.0,514
2016,48,0,34360,Patrick Reed,172.0,6694095.0,1081
2016,50,0,34563,Chesson Hadley,172.2,5672783.0,915
2016,51,0,12716,Charley Hoffman,172.3,6077228.0,980
2016,51,0,35732,Wes Roach,172.3,3665395.0,591
2016,51,0,34046,Jordan Spieth,172.3,4975220.0,802
2016,51,0,30692,Scott Stallings,172.3,5379170.0,867
2016,55,0,29720,Andres Gonzales,172.4,5438101.0,876
2016,55,0,29518,Brendan Steele,172.4,5921823.0,954
2016,57,0,24781,Hunter Mahan,172.5,4258832.0,686
2016,57,0,32150,Michael Thompson,172.5,4587998.0,739
2016,59,0,27436,Graham DeLaet,172.8,5020841.0,807
2016,60,0,25900,Lucas Glover,173.1,5789122.0,929
2016,61,0,29289,S.Y. Noh,173.2,5798987.0,930
2016,62,0,29268,Bronson Burgoon,173.3,5590986.0,896
2016,63,0,23621,Rory Sabbatini,173.4,3346693.0,536
2016,63,0,27649,Brandt Snedeker,173.4,6510574.0,1043
2016,65,0,35879,Kelly Kraft,173.5,3883901.0,622
2016,66,0,6522,Ernie Els,173.7,4815170.0,770
2016,67,0,20848,Ángel Cabrera,173.8,4222808.0,675
2016,67,0,34099,Harris English,173.8,6225784.0,995
2016,67,0,26331,Charl Schwartzel,173.8,4823470.0,771
2016,70,0,29478,Kevin Kisner,173.9,6396840.0,1022
2016,71,0,33418,Shawn Stefani,174.0,6639372.0,1060
2016,72,0,26300,Matt Jones,174.1,5433461.0,867
2016,72,0,29223,Sam Saunders,174.1,4381229.0,699
2016,74,0,31646,Emiliano Grillo,174.2,6339562.0,1011
2016,74,0,35532,Tom Hoge,174.2,5442401.0,868
2016,74,0,29221,Webb Simpson,174.2,5017182.0,800
2016,77,0,29479,Scott Brown,174.3,6054871.0,965
2016,78,0,40026,Daniel Berger,174.4,6202400.0,988
2016,79,0,20572,Rod Pampling,174.6,3224070.0,513
2016,80,0,32876,Martin Piller,174.8,4096995.0,651
2016,81,0,6567,Vijay Singh,175.0,5652242.0,897
2016,82,0,27974,Sung Kang,175.1,6323313.0,1003
2016,83,0,25364,Paul Casey,175.2,4994362.0,792
2016,83,0,29974,Branden Grace,175.2,3652903.0,579
2016,83,0,26951,Johnson Wagner,175.2,6641983.0,1053
2016,86,0,34265,Will Wilcox,175.3,4941832.0,783
2016,87,0,1810,Phil Mickelson,175.4,5108366.0,809
2016,88,0,32839,Hideki Matsuyama,175.6,5121361.0,810
2016,88,0,26329,Louis Oosthuizen,175.6,3654325.0,578
2016,90,0,26851,Marc Leishman,175.7,5693023.0,900
2016,91,0,37454,Whee Kim,175.8,5694845.0,900
2016,92,0,20472,Alex Cejka,175.9,4470418.0,706
2016,92,0,30163,Henrik Norlander,175.9,4673040.0,738
2016,94,0,29745,Tyler Aldridge,176.0,5835180.0,921
2016,95,0,30110,Kyle Stanley,176.1,6884079.0,1086
2016,96,0,27644,Brian Harman,176.3,8066221.0,1271
2016,97,0,32366,Kevin Chappell,176.4,6851670.0,1079
2016,97,0,20766,Padraig Harrington,176.4,3803354.0,599
2016,97,0,23108,Matt Kuchar,176.4,6783857.0,1068
2016,97,0,34431,Robert Streb,176.4,5783762.0,911
2016,101,0,33399,Adam Hadwin,176.5,7715051.0,1214
2016,101,0,23353,J.J. Henry,176.5,5424972.0,854
2016,101,0,22046,Geoff Ogilvy,176.5,4364169.0,687
2016,104,0,35545,Blayne Barber,176.8,6493321.0,1020
2016,105,0,31416,Derek Fathauer,176.9,6641976.0,1043
2016,105,0,32448,James Hahn,176.9,6140144.0,964
2016,105,0,25892,Steve Wheatcroft,176.9,6145158.0,965
2016,108,0,22892,Jason Gore,177.0,5262117.0,826
2016,108,0,27747,Hiroshi Iwata,177.0,5842541.0,917
2016,108,0,32640,Troy Merritt,177.0,5729643.0,899
2016,108,0,27963,Chris Stroud,177.0,6071204.0,953
2016,112,0,35539,Luke Guthrie,177.1,3915307.0,614
2016,113,0,24924,Bill Haas,177.4,5676198.0,889
2016,113,0,31557,Jim Herman,177.4,6279505.0,983
2016,113,0,33122,Russell Knox,177.4,5746607.0,900
2016,113,0,28475,Jeff Overton,177.4,5114802.0,801
2016,113,0,25834,Daniel Summerhays,177.4,6953706.0,1089
2016,118,0,12510,Chad Campbell,177.5,7091399.0,1110
2016,119,0,24846,Ricky Barnes,177.6,7021366.0,1098
2016,120,0,20645,John Senden,177.7,6985375.0,1092
2016,121,0,35891,Cameron Smith,177.8,4032212.0,630
2016,122,0,24912,Will MacKenzie,177.9,5854893.0,914
2016,123,0,24461,Thomas Aiken,178.1,4270588.0,666
2016,123,0,45526,Abraham Ancer,178.1,3384551.0,528
2016,123,0,34409,David Lingmerth,178.1,5374285.0,838
2016,126,0,31420,Anirban Lahiri,178.2,4239996.0,661
2016,126,0,33413,Ben Martin,178.2,7095125.0,1106
2016,126,0,27214,Kevin Streelman,178.2,5644546.0,880
2016,126,0,28132,Tyrone Van Aswegen,178.2,7702674.0,1201
2016,130,0,22371,Aaron Baddeley,178.3,6580187.0,1025
2016,130,0,26476,Chez Reavie,178.3,6757988.0,1053
2016,132,0,27895,Jonas Blixt,178.5,5949261.0,926
2016,133,0,23638,Brendon de Jonge,178.6,5762458.0,896
2016,133,0,23325,Vaughn Taylor,178.6,5947319.0,925
2016,135,0,29420,Billy Horschel,178.7,5074811.0,789
2016,136,0,39975,Michael Kim,178.8,7635171.0,1186
2016,137,0,28679,Fabián Gómez,178.9,6549098.0,1017
2016,138,0,29926,Danny Lee,179.1,6355589.0,986
2016,138,0,31202,William McGirt,179.1,7925483.0,1229
2016,140,0,30926,Chris Kirk,179.2,6652657.0,1031
2016,141,0,32757,Patton Kizzire,179.6,6665450.0,1031
2016,141,0,25198,Francesco Molinari,179.6,5119576.0,792
2016,141,0,27770,Camilo Villegas,179.6,6277414.0,971
2016,144,0,24494,Erik Compton,179.7,4516006.0,698
2016,145,0,34261,Scott Langley,179.8,4763240.0,736
2016,146,0,20157,Retief Goosen,179.9,4210116.0,650
2016,147,0,20098,Stuart Appleby,180.2,5930096.0,914
2016,147,0,28092,D.H. Lee,180.2,4099250.0,632
2016,149,0,29476,Kyle Reifers,180.3,8684485.0,1338
2016,150,0,25349,Tim Wilkinson,180.5,4482763.0,690
2016,151,0,32200,Roberto Castro,180.6,7968885.0,1226
2016,152,0,10885,Robert Allenby,180.8,3664080.0,563
2016,153,0,20104,Ken Duke,180.9,4324559.0,664
2016,153,0,34466,Peter Malnati,180.9,6650210.0,1021
2016,155,0,8075,Jerry Kelly,181.0,5414793.0,831
2016,156,0,25240,D.A. Points,181.4,3533596.0,541
2016,157,0,26596,Ryan Moore,181.5,5868289.0,898
2016,158,0,24024,Zach Johnson,181.7,6621368.0,1012
2016,158,0,25572,Graeme McDowell,181.7,4088470.0,625
2016,160,0,21731,Freddie Jacobson,182.3,6504356.0,991
2016,161,0,27466,Spencer Levin,182.4,7472893.0,1138
2016,162,0,36801,Mark Hubbard,182.5,7503257.0,1142
2016,163,0,10213,Dicky Pride,182.9,3740063.0,568
2016,164,0,24507,Jason Bohn,183.4,5408705.0,819
2016,164,0,24490,George McNeill,183.4,4159345.0,630
2016,166,0,30927,Brendon Todd,183.6,4870904.0,737
2016,167,0,23800,Bryce Molder,183.7,6151402.0,930
2016,168,0,34174,John Huh,183.9,7237949.0,1093
2016,169,0,25720,Chad Collins,184.7,5858728.0,881
2016,170,0,23541,Ben Crane,184.8,6072625.0,913
2016,171,0,21878,Mark Wilson,185.0,5027374.0,755
2016,172,0,26758,David Hearn,185.1,7530749.0,1130
2016,172,0,27942,Rob Oppenheim,185.1,4711842.0,707
2016,174,0,10809,Jim Furyk,185.2,4079691.0,612
2016,175,0,33419,Cameron Tringale,185.7,6464510.0,967
2016,176,0,29222,Billy Hurley III,185.9,5473157.0,818
2016,177,0,23983,Luke Donald,186.0,5418500.0,809
2016,178,0,40058,Zac Blair,186.4,7583782.0,1130
2016,178,0,6527,Steve Stricker,186.4,4153871.0,619
2016,180,0,25396,Kevin Na,186.5,6424222.0,957
2016,181,0,31560,Brian Stuard,186.9,5637377.0,838
2016,182,0,30711,Colt Knost,189.2,6723790.0,987
2016,183,0,24357,K.J. Choi,189.7,6255702.0,916
2016,184,0,2206,David Toms,189.8,5130712.0,751
2016,185,0,34262,Jon Curran,190.9,7952715.0,1157
2015,1,0,25804,Bubba Watson,149.8,4202084.0,779
2015,2,0,30925,Dustin Johnson,156.6,4198689.0,745
2015,3,0,36699,Patrick Rodgers,157.5,3571867.0,630
2015,4,0,28089,Jason Day,157.7,4472917.0,788
2015,5,0,27141,J.B. Holmes,161.4,5293645.0,911
2015,6,0,36689,Brooks Koepka,163.3,5255622.0,894
2015,7,0,30944,Jason Kokrak,164.2,6490053.0,1098
2015,7,0,23320,Ryan Palmer,164.2,4397996.0,744
2015,9,0,29725,Tony Finau,164.3,7439317.0,1258
2015,10,0,24502,Adam Scott,165.2,2605589.0,438
2015,11,0,32334,Charlie Beljan,165.6,4661481.0,782
2015,12,0,33448,Justin Thomas,165.7,7772158.0,1303
2015,13,0,25274,Steven Bowditch,166.4,7230261.0,1207
2015,14,0,12716,Charley Hoffman,166.7,6300746.0,1050
2015,15,0,37273,Derek Ernst,167.8,5261312.0,871
2015,15,0,25632,Jimmy Walker,167.8,5333949.0,883
2015,17,0,24358,Robert Garrigus,167.9,4527513.0,749
2015,17,0,21961,Charles Howell III,167.9,8263523.0,1367
2015,19,0,34098,Russell Henley,168.9,5637137.0,927
2015,20,0,28500,Martin Flores,169.1,6653250.0,1093
2015,21,0,33461,Morgan Hoffmann,169.4,5787028.0,949
2015,21,0,33667,Carlos Ortiz,169.4,6946413.0,1139
2015,21,0,34431,Robert Streb,169.4,8155469.0,1337
2015,24,0,21209,Sergio Garcia,169.7,3042124.0,498
2015,25,0,22056,Cameron Percy,169.8,4860503.0,795
2015,25,0,25818,Scott Piercy,169.8,7022395.0,1149
2015,27,0,29420,Billy Horschel,170.0,6200722.0,1013
2015,27,0,31323,Gary Woodland,170.0,4523364.0,739
2015,29,0,27644,Brian Harman,170.1,6626842.0,1082
2015,30,0,40026,Daniel Berger,170.3,7002531.0,1142
2015,30,0,20848,Ángel Cabrera,170.3,3561613.0,581
2015,32,0,34265,Will Wilcox,170.4,3485357.0,568
2015,33,0,25364,Paul Casey,170.7,5370219.0,874
2015,34,0,35532,Tom Hoge,170.8,5516670.0,897
2015,34,0,27936,Martin Laird,170.8,6129759.0,997
2015,36,0,25900,Lucas Glover,170.9,6086412.0,989
2015,36,0,23548,Bill Lunde,170.9,3070091.0,499
2015,36,0,24781,Hunter Mahan,170.9,5536296.0,900
2015,36,0,26289,Boo Weekley,170.9,5677824.0,923
2015,40,0,39977,Max Homa,171.0,5232131.0,850
2015,40,0,22405,Justin Rose,171.0,4142031.0,673
2015,42,0,1706,Davis Love III,171.1,3609352.0,586
2015,42,0,26331,Charl Schwartzel,171.1,3492597.0,567
2015,44,0,26300,Matt Jones,171.2,5726672.0,929
2015,45,0,33486,Roger Sloan,171.3,3366569.0,546
2015,46,0,33141,Keegan Bradley,171.4,5447757.0,883
2015,46,0,28023,Byron Smith,171.4,3664297.0,594
2015,48,0,26329,Louis Oosthuizen,171.5,4000041.0,648
2015,48,0,27064,Jhonattan Vegas,171.5,6101076.0,988
2015,50,0,25493,Nick Taylor,171.6,7037050.0,1139
2015,51,0,34099,Harris English,171.7,7483629.0,1211
2015,52,0,33418,Shawn Stefani,171.9,7474837.0,1208
2015,53,0,34264,Hudson Swafford,172.0,7078124.0,1143
2015,54,0,27436,Graham DeLaet,172.2,4612380.0,744
2015,54,0,32839,Hideki Matsuyama,172.2,6050076.0,976
2015,54,0,29518,Brendan Steele,172.2,6476307.0,1045
2015,57,0,30736,Oscar Fraustro,172.3,3405885.0,549
2015,58,0,29289,S.Y. Noh,172.5,4558016.0,734
2015,59,0,1810,Phil Mickelson,172.7,4699329.0,756
2015,60,0,22892,Jason Gore,172.8,4969123.0,799
2015,60,0,25345,Carl Pettersson,172.8,8135563.0,1308
2015,60,0,34360,Patrick Reed,172.8,6512719.0,1047
2015,60,0,27095,Nick Watney,172.8,6942828.0,1116
2015,64,0,23048,Eric Axley,172.9,3641911.0,585
2015,65,0,34409,David Lingmerth,173.0,6378461.0,1024
2015,65,0,24140,Sean O'Hair,173.0,6930035.0,1113
2015,67,0,27214,Kevin Streelman,173.1,6329494.0,1016
2015,68,0,32448,James Hahn,173.2,6738882.0,1081
2015,69,0,23621,Rory Sabbatini,173.3,5689839.0,912
2015,70,0,26951,Johnson Wagner,173.4,4923876.0,789
2015,71,0,26851,Marc Leishman,173.5,4652737.0,745
2015,71,0,30946,Alex Prugh,173.5,6226775.0,997
2015,73,0,35451,Scott Pinckney,173.7,6360339.0,1017
2015,74,0,32366,Kevin Chappell,173.8,6469593.0,1034
2015,74,0,20691,Greg Owen,173.8,3440277.0,550
2015,74,0,29221,Webb Simpson,173.8,5543584.0,886
2015,77,0,22371,Aaron Baddeley,173.9,5645728.0,902
2015,77,0,34046,Jordan Spieth,173.9,5698331.0,910
2015,79,0,28475,Jeff Overton,174.1,6481880.0,1034
2015,80,0,29720,Andres Gonzales,174.2,6486029.0,1034
2015,80,0,29223,Sam Saunders,174.2,5400780.0,861
2015,82,0,29479,Scott Brown,174.3,7046095.0,1123
2015,82,0,20229,Stewart Cink,174.3,5684970.0,906
2015,82,0,23108,Matt Kuchar,174.3,6677906.0,1064
2015,85,0,31557,Jim Herman,174.4,6704561.0,1068
2015,85,0,6567,Vijay Singh,174.4,5984826.0,953
2015,87,0,6522,Ernie Els,174.6,3350815.0,533
2015,88,0,34563,Chesson Hadley,174.8,7703329.0,1224
2015,88,0,26476,Chez Reavie,174.8,4341415.0,690
2015,90,0,28259,Sangmoon Bae,175.0,7702973.0,1223
2015,90,0,23353,J.J. Henry,175.0,6621398.0,1051
2015,90,0,33413,Ben Martin,175.0,6753995.0,1072
2015,93,0,29476,Kyle Reifers,175.1,6977705.0,1107
2015,94,0,27770,Camilo Villegas,175.3,6486673.0,1028
2015,95,0,32102,Rickie Fowler,175.4,4912625.0,778
2015,96,0,20396,Lee Westwood,175.7,2790143.0,441
2015,97,0,22046,Geoff Ogilvy,175.8,3107141.0,491
2015,97,0,30692,Scott Stallings,175.8,4235131.0,669
2015,97,0,25892,Steve Wheatcroft,175.8,6276508.0,992
2015,100,0,28307,Matt Every,175.9,4787906.0,756
2015,101,0,32200,Roberto Castro,176.1,3170191.0,500
2015,101,0,31416,Derek Fathauer,176.1,5711067.0,901
2015,101,0,30852,Ryo Ishikawa,176.1,6486329.0,1023
2015,101,0,27649,Brandt Snedeker,176.1,6529070.0,1030
2015,105,0,25191,Gonzalo Fernandez-Castaño,176.4,5505743.0,867
2015,105,0,23623,Bo Van Pelt,176.4,5652121.0,890
2015,107,0,20645,John Senden,176.5,4516561.0,711
2015,107,0,32150,Michael Thompson,176.5,6539821.0,1029
2015,109,0,24924,Bill Haas,176.6,6260491.0,985
2015,109,0,25562,Andres Romero,176.6,4684955.0,737
2015,111,0,30926,Chris Kirk,176.8,4907850.0,771
2015,112,0,29535,Brice Garnett,177.1,5609326.0,880
2015,112,0,24024,Zach Johnson,177.1,6234417.0,978
2015,114,0,29478,Kevin Kisner,177.2,8311928.0,1303
2015,115,0,35545,Blayne Barber,177.3,5559294.0,871
2015,116,0,33399,Adam Hadwin,177.4,7106825.0,1113
2015,117,0,34358,Jonathan Randolph,177.6,4916679.0,769
2015,118,0,28132,Tyrone Van Aswegen,177.7,3640426.0,569
2015,119,0,28679,Fabián Gómez,177.9,6076779.0,949
2015,119,0,25834,Daniel Summerhays,177.9,7909224.0,1235
2015,119,0,28780,Nicholas Thompson,177.9,6191635.0,967
2015,122,0,10885,Robert Allenby,178.0,4452406.0,695
2015,122,0,27895,Jonas Blixt,178.0,4575204.0,714
2015,122,0,35541,John Peterson,178.0,6811979.0,1063
2015,125,0,27466,Spencer Levin,178.1,7367470.0,1149
2015,125,0,29425,Andrew Svoboda,178.1,6214506.0,969
2015,127,0,34130,Sung Joon Park,178.3,5553093.0,865
2015,128,0,24494,Erik Compton,178.5,6180900.0,962
2015,128,0,25686,Jason Dufner,178.5,4248716.0,661
2015,130,0,23638,Brendon de Jonge,178.7,8213631.0,1277
2015,131,0,20766,Padraig Harrington,178.8,4318635.0,671
2015,132,0,31193,Jim Renner,179.1,4989065.0,774
2015,133,0,33122,Russell Knox,179.5,7753586.0,1200
2015,134,0,20157,Retief Goosen,179.7,5303626.0,820
2015,134,0,28486,Michael Putnam,179.7,6034226.0,933
2015,136,0,27933,John Merrick,179.9,5174936.0,799
2015,136,0,21528,Henrik Stenson,179.9,3943588.0,609
2015,138,0,31202,William McGirt,180.2,8745048.0,1348
2015,139,0,20771,Steven Alker,180.3,4479386.0,690
2015,139,0,24925,Jonathan Byrd,180.3,4562348.0,703
2015,139,0,12510,Chad Campbell,180.3,8172818.0,1259
2015,139,0,37454,Whee Kim,180.3,5042469.0,777
2015,143,0,29926,Danny Lee,180.5,8910474.0,1371
2015,144,0,8075,Jerry Kelly,180.6,5974521.0,919
2015,145,0,20104,Ken Duke,180.9,7025588.0,1079
2015,145,0,24490,George McNeill,180.9,7996523.0,1228
2015,147,0,35539,Luke Guthrie,181.0,6099083.0,936
2015,148,0,36801,Mark Hubbard,181.1,5517065.0,846
2015,148,0,34261,Scott Langley,181.1,7086361.0,1087
2015,148,0,27963,Chris Stroud,181.1,6088921.0,934
2015,151,0,24361,Pat Perez,181.2,7510242.0,1151
2015,152,0,32640,Troy Merritt,181.3,7364218.0,1128
2015,152,0,30927,Brendon Todd,181.3,6905907.0,1058
2015,154,0,20472,Alex Cejka,181.5,7097257.0,1086
2015,155,0,24846,Ricky Barnes,181.7,5578407.0,853
2015,155,0,24138,Ian Poulter,181.7,4317571.0,660
2015,157,0,24507,Jason Bohn,182.2,7885453.0,1202
2015,158,0,21878,Mark Wilson,182.3,7339056.0,1118
2015,159,0,20593,Greg Chalmers,182.5,3239616.0,493
2015,160,0,25349,Tim Wilkinson,182.6,5226926.0,795
2015,161,0,25369,Jamie Donaldson,182.7,2900583.0,441
2015,162,0,22293,Heath Slocum,182.8,3567155.0,542
2015,163,0,26758,David Hearn,183.6,7780867.0,1177
2015,164,0,25720,Chad Collins,184.0,5770855.0,871
2015,165,0,31560,Brian Stuard,184.2,7261672.0,1095
2015,166,0,30711,Colt Knost,184.3,6813132.0,1027
2015,167,0,23800,Bryce Molder,184.4,7077692.0,1066
2015,168,0,26596,Ryan Moore,184.5,5605638.0,844
2015,168,0,33419,Cameron Tringale,184.5,7213262.0,1086
2015,170,0,25396,Kevin Na,184.7,6503224.0,978
2015,171,0,23983,Luke Donald,184.8,4909952.0,738
2015,172,0,21753,Brian Davis,185.5,6550102.0,981
2015,172,0,10809,Jim Furyk,185.5,4814441.0,721
2015,174,0,40058,Zac Blair,185.6,8179106.0,1224
2015,175,0,25198,Francesco Molinari,185.8,3973331.0,594
2015,175,0,34256,Andrew Putnam,185.8,4861890.0,727
2015,177,0,34174,John Huh,186.1,8262293.0,1233
2015,178,0,25240,D.A. Points,186.7,5377113.0,800
2015,179,0,23541,Ben Crane,187.3,4874096.0,723
2015,180,0,34262,Jon Curran,187.4,6065044.0,899
2015,181,0,29222,Billy Hurley III,188.6,5866708.0,864
2015,182,0,2206,David Toms,188.9,5189225.0,763
2015,183,0,10860,Justin Leonard,189.2,5066928.0,744
2015,184,0,24357,K.J. Choi,190.1,5378950.0,786
2014,1,0,25804,Bubba Watson,155.9,4316448.0,769
2014,2,0,30925,Dustin Johnson,156.8,3160557.0,560
2014,3,0,29461,Jamie Lovemark,159.5,3663220.0,638
2014,4,0,35300,Andrew Loupe,159.9,3944355.0,685
2014,5,0,28237,Rory McIlroy,162.4,3881394.0,664
2014,6,0,36689,Brooks Koepka,165.1,3423512.0,576
2014,7,0,32334,Charlie Beljan,165.3,5475242.0,920
2014,8,0,21961,Charles Howell III,165.5,7808836.0,1311
2014,9,0,23320,Ryan Palmer,165.6,5519584.0,926
2014,10,0,27141,J.B. Holmes,166.5,6337512.0,1057
2014,11,0,20848,Ángel Cabrera,167.1,5076679.0,844
2014,12,0,24358,Robert Garrigus,167.2,5972212.0,992
2014,12,0,25632,Jimmy Walker,167.2,6103976.0,1014
2014,14,0,25274,Steven Bowditch,167.4,6386839.0,1060
2014,14,0,24502,Adam Scott,167.4,4712166.0,782
2014,16,0,34099,Harris English,167.9,6152185.0,1018
2014,17,0,24140,Sean O'Hair,168.0,5504828.0,910
2014,17,0,27064,Jhonattan Vegas,168.0,5335621.0,882
2014,19,0,28089,Jason Day,168.3,2787153.0,460
2014,20,0,34265,Will Wilcox,168.7,3346576.0,551
2014,21,0,12716,Charley Hoffman,168.8,6326306.0,1041
2014,22,0,30944,Jason Kokrak,168.9,5051991.0,831
2014,23,0,30110,Kyle Stanley,169.1,5996402.0,985
2014,24,0,33461,Morgan Hoffmann,169.2,7500071.0,1231
2014,24,0,34431,Robert Streb,169.2,5408897.0,888
2014,24,0,31323,Gary Woodland,169.2,6134482.0,1007
2014,27,0,27436,Graham DeLaet,169.4,5343736.0,876
2014,27,0,27120,Troy Matteson,169.4,4080463.0,669
2014,29,0,34021,Bud Cauley,169.6,3833457.0,628
2014,29,0,26679,Kevin Stadler,169.6,5453020.0,893
2014,31,0,25345,Carl Pettersson,169.7,7123689.0,1166
2014,32,0,30750,Tommy Gainey,170.0,5006996.0,818
2014,33,0,26300,Matt Jones,170.2,5049253.0,824
2014,34,0,25900,Lucas Glover,170.5,3921433.0,639
2014,35,0,37273,Derek Ernst,170.8,5343336.0,869
2014,35,0,26329,Louis Oosthuizen,170.8,2526940.0,411
2014,37,0,26289,Boo Weekley,171.3,4798444.0,778
2014,38,0,34360,Patrick Reed,171.5,6351998.0,1029
2014,38,0,32333,Kevin Tway,171.5,3977061.0,644
2014,40,0,26331,Charl Schwartzel,171.7,4617893.0,747
2014,41,0,27408,Martin Kaymer,171.9,4072047.0,658
2014,42,0,33141,Keegan Bradley,172.0,5695811.0,920
2014,42,0,34264,Hudson Swafford,172.0,4927993.0,796
2014,44,0,35732,Wes Roach,172.1,4220307.0,681
2014,45,0,31557,Jim Herman,172.2,4129283.0,666
2014,45,0,35541,John Peterson,172.2,4691522.0,757
2014,47,0,25562,Andres Romero,172.3,6121172.0,987
2014,47,0,27330,Josh Teater,172.3,6375640.0,1028
2014,49,0,32102,Rickie Fowler,172.4,5270270.0,849
2014,49,0,27936,Martin Laird,172.4,4746866.0,765
2014,51,0,34098,Russell Henley,172.5,6416573.0,1033
2014,52,0,6567,Vijay Singh,172.8,6520840.0,1048
2014,53,0,21209,Sergio Garcia,172.9,3442435.0,553
2014,53,0,29518,Brendan Steele,172.9,6043380.0,971
2014,55,0,29740,Brad Fritsch,173.1,3334019.0,535
2014,55,0,33418,Shawn Stefani,173.1,4892653.0,785
2014,57,0,24781,Hunter Mahan,173.3,6265099.0,1004
2014,58,0,30692,Scott Stallings,173.5,5415380.0,867
2014,59,0,29289,S.Y. Noh,173.6,6398666.0,1024
2014,60,0,27644,Brian Harman,173.8,8632554.0,1380
2014,60,0,28475,Jeff Overton,173.8,5700660.0,911
2014,62,0,26851,Marc Leishman,173.9,5960526.0,952
2014,63,0,23621,Rory Sabbatini,174.0,5548745.0,886
2014,64,0,29420,Billy Horschel,174.1,6004319.0,958
2014,65,0,29535,Brice Garnett,174.2,6753812.0,1077
2014,65,0,32640,Troy Merritt,174.2,4698353.0,749
2014,67,0,6522,Ernie Els,174.3,5440490.0,867
2014,67,0,30926,Chris Kirk,174.3,7478414.0,1192
2014,69,0,32366,Kevin Chappell,174.5,7543888.0,1201
2014,69,0,27770,Camilo Villegas,174.5,7243844.0,1153
2014,71,0,12510,Chad Campbell,174.7,3967850.0,631
2014,71,0,27095,Nick Watney,174.7,4881464.0,776
2014,73,0,1706,Davis Love III,174.8,5448941.0,866
2014,73,0,27214,Kevin Streelman,174.8,5222657.0,830
2014,75,0,32448,James Hahn,175.0,6330072.0,1005
2014,75,0,30852,Ryo Ishikawa,175.0,5336142.0,847
2014,77,0,20645,John Senden,175.3,7055354.0,1118
2014,78,0,22046,Geoff Ogilvy,175.4,6340709.0,1004
2014,79,0,29479,Scott Brown,175.5,7292316.0,1154
2014,79,0,32839,Hideki Matsuyama,175.5,5610556.0,888
2014,81,0,34046,Jordan Spieth,175.6,6915749.0,1094
2014,82,0,1810,Phil Mickelson,175.7,4376176.0,692
2014,83,0,22913,John Rollins,175.8,5779301.0,913
2014,84,0,24846,Ricky Barnes,175.9,6807750.0,1075
2014,85,0,23353,J.J. Henry,176.0,6836482.0,1079
2014,86,0,28486,Michael Putnam,176.1,7924357.0,1250
2014,86,0,21528,Henrik Stenson,176.1,3327713.0,525
2014,88,0,34563,Chesson Hadley,176.2,6173407.0,973
2014,88,0,29221,Webb Simpson,176.2,6469123.0,1020
2014,88,0,28132,Tyrone Van Aswegen,176.2,5608320.0,884
2014,91,0,28259,Sangmoon Bae,176.3,5744935.0,905
2014,91,0,34409,David Lingmerth,176.3,5844002.0,921
2014,93,0,28307,Matt Every,176.4,5638785.0,888
2014,93,0,24924,Bill Haas,176.4,7206208.0,1135
2014,95,0,22371,Aaron Baddeley,176.5,5083058.0,800
2014,95,0,35539,Luke Guthrie,176.5,6632580.0,1044
2014,97,0,28500,Martin Flores,176.7,5947206.0,935
2014,97,0,23623,Bo Van Pelt,176.7,5878322.0,924
2014,99,0,20157,Retief Goosen,176.8,6727946.0,1057
2014,100,0,22378,Trevor Immelman,177.0,5893622.0,925
2014,100,0,29926,Danny Lee,177.0,6080046.0,954
2014,102,0,26956,Bronson La'Cassie,177.1,3162533.0,496
2014,103,0,27963,Chris Stroud,177.2,6332935.0,993
2014,104,0,29478,Kevin Kisner,177.3,6152339.0,964
2014,104,0,29425,Andrew Svoboda,177.3,5853230.0,917
2014,106,0,23108,Matt Kuchar,177.4,6761957.0,1059
2014,106,0,33413,Ben Martin,177.4,5550747.0,869
2014,108,0,31193,Jim Renner,177.5,4542030.0,711
2014,108,0,22405,Justin Rose,177.5,4580413.0,717
2014,110,0,25686,Jason Dufner,177.7,3741469.0,585
2014,110,0,24912,Will MacKenzie,177.7,6421464.0,1004
2014,112,0,26951,Johnson Wagner,177.9,5079037.0,793
2014,113,0,25364,Paul Casey,178.1,3884760.0,606
2014,114,0,24925,Jonathan Byrd,178.2,5768594.0,899
2014,115,0,31202,William McGirt,178.3,7492284.0,1167
2014,116,0,20229,Stewart Cink,178.4,6340615.0,987
2014,117,0,33122,Russell Knox,178.7,7368014.0,1145
2014,118,0,23638,Brendon de Jonge,178.8,8215025.0,1276
2014,118,0,25444,Justin Hicks,178.8,8006127.0,1244
2014,120,0,25191,Gonzalo Fernandez-Castaño,178.9,6130934.0,952
2014,120,0,26596,Ryan Moore,178.9,5588901.0,868
2014,122,0,24494,Erik Compton,179.3,6679152.0,1035
2014,122,0,27649,Brandt Snedeker,179.3,5867132.0,909
2014,122,0,32150,Michael Thompson,179.3,5298817.0,821
2014,125,0,22293,Heath Slocum,179.4,5559211.0,861
2014,126,0,10885,Robert Allenby,179.6,6232626.0,964
2014,127,0,35139,Richard Lee,179.7,5459268.0,844
2014,128,0,1724,Jeff Maggert,179.8,3947769.0,610
2014,128,0,25349,Tim Wilkinson,179.8,6393608.0,988
2014,130,0,27895,Jonas Blixt,180.0,3823749.0,590
2014,130,0,20396,Lee Westwood,180.0,3848194.0,594
2014,132,0,21731,Freddie Jacobson,180.1,7210776.0,1112
2014,132,0,24490,George McNeill,180.1,6271178.0,967
2014,134,0,24024,Zach Johnson,180.2,7584102.0,1169
2014,135,0,21878,Mark Wilson,180.3,5121946.0,789
2014,136,0,20498,Briny Baird,180.5,4034430.0,621
2014,136,0,20104,Ken Duke,180.5,5933373.0,913
2014,136,0,27466,Spencer Levin,180.5,4478156.0,689
2014,136,0,28780,Nicholas Thompson,180.5,6237716.0,960
2014,140,0,27933,John Merrick,180.6,6455994.0,993
2014,141,0,31560,Brian Stuard,180.7,6668360.0,1025
2014,142,0,24361,Pat Perez,180.8,6705171.0,1030
2014,143,0,20593,Greg Chalmers,180.9,6530672.0,1003
2014,143,0,23409,James Driscoll,180.9,5138143.0,789
2014,145,0,34261,Scott Langley,181.1,7101263.0,1089
2014,145,0,25834,Daniel Summerhays,181.1,7928675.0,1216
2014,147,0,25240,D.A. Points,181.2,4930626.0,756
2014,147,0,24663,Y.E. Yang,181.2,5447366.0,835
2014,149,0,27556,Ted Potter Jr.,181.6,5425439.0,830
2014,150,0,2206,David Toms,181.7,4887421.0,747
2014,151,0,20160,Charlie Wi,181.8,5845090.0,893
2014,152,0,21753,Brian Davis,181.9,7320393.0,1118
2014,152,0,8075,Jerry Kelly,181.9,5967091.0,911
2014,154,0,34174,John Huh,182.1,6344992.0,968
2014,155,0,7867,Woody Austin,182.4,5173110.0,788
2014,155,0,32200,Roberto Castro,182.4,5346003.0,814
2014,157,0,29222,Billy Hurley III,182.5,6551659.0,997
2014,158,0,20098,Stuart Appleby,182.7,7625056.0,1159
2014,158,0,33419,Cameron Tringale,182.7,8936042.0,1359
2014,160,0,26758,David Hearn,183.0,7477295.0,1135
2014,161,0,24138,Ian Poulter,183.1,3731794.0,566
2014,162,0,23135,Tim Clark,183.6,5645396.0,854
2014,163,0,19846,Brian Gay,183.7,5748200.0,869
2014,163,0,25396,Kevin Na,183.7,7136892.0,1079
2014,165,0,23541,Ben Crane,183.8,7118456.0,1076
2014,166,0,30927,Brendon Todd,184.3,8387846.0,1264
2014,167,0,24507,Jason Bohn,184.4,6663273.0,1004
2014,168,0,23800,Bryce Molder,184.6,5813442.0,875
2014,169,0,25572,Graeme McDowell,184.9,4232877.0,636
2014,170,0,24357,K.J. Choi,185.9,6142936.0,918
2014,171,0,22621,Ben Curtis,186.4,5905008.0,880
2014,172,0,25720,Chad Collins,186.6,5617289.0,836
2014,173,0,10809,Jim Furyk,188.0,6207521.0,917
2014,174,0,28092,D.H. Lee,188.3,4169671.0,615
2014,175,0,10423,Mike Weir,190.0,4925260.0,720
2014,176,0,23983,Luke Donald,191.9,4171981.0,604
2014,177,0,10860,Justin Leonard,192.1,5851231.0,846
2013,1,0,25804,Bubba Watson,159.2,4698756.0,820
2013,2,0,30925,Dustin Johnson,162.3,4072951.0,697
2013,3,0,33141,Keegan Bradley,165.7,5948901.0,997
2013,4,0,25274,Steven Bowditch,165.9,4689171.0,785
2013,4,0,33461,Morgan Hoffmann,165.9,4329945.0,725
2013,6,0,30110,Kyle Stanley,166.1,4957294.0,829
2013,7,0,25818,Scott Piercy,166.5,5093585.0,850
2013,8,0,23452,Nicolas Colsaerts,166.9,2979395.0,496
2013,8,0,24358,Robert Garrigus,166.9,4001126.0,666
2013,8,0,28237,Rory McIlroy,166.9,3371436.0,561
2013,11,0,23621,Rory Sabbatini,167.5,5934907.0,984
2013,12,0,27129,Luke List,167.7,4183285.0,693
2013,13,0,23320,Ryan Palmer,168.4,5747146.0,948
2013,13,0,30692,Scott Stallings,168.4,5485940.0,905
2013,15,0,31323,Gary Woodland,169.1,6941859.0,1140
2013,16,0,33869,Eric Meierdierks,170.0,3114560.0,509
2013,17,0,30944,Jason Kokrak,170.3,6049822.0,987
2013,18,0,32334,Charlie Beljan,170.6,4680700.0,762
2013,18,0,31557,Jim Herman,170.6,3740803.0,609
2013,20,0,28089,Jason Day,170.8,5176383.0,842
2013,21,0,25345,Carl Pettersson,170.9,5432771.0,883
2013,22,0,26331,Charl Schwartzel,171.0,4592658.0,746
2013,22,0,26679,Kevin Stadler,171.0,5849505.0,950
2013,24,0,34431,Robert Streb,171.1,5242377.0,851
2013,25,0,34360,Patrick Reed,171.4,6250933.0,1013
2013,26,0,25686,Jason Dufner,171.5,5242464.0,849
2013,26,0,33418,Shawn Stefani,171.5,4221922.0,684
2013,28,0,28500,Martin Flores,171.6,6437731.0,1042
2013,29,0,23497,Tag Ridings,171.8,4860521.0,786
2013,29,0,22405,Justin Rose,171.8,3920756.0,634
2013,31,0,21961,Charles Howell III,171.9,6771121.0,1094
2013,32,0,20766,Padraig Harrington,172.0,2972067.0,480
2013,32,0,29221,Webb Simpson,172.0,5968326.0,964
2013,34,0,20848,Ángel Cabrera,172.1,4851854.0,783
2013,34,0,29289,S.Y. Noh,172.1,5212008.0,841
2013,34,0,22056,Cameron Percy,172.1,4837973.0,781
2013,37,0,30750,Tommy Gainey,172.2,6399080.0,1032
2013,38,0,25632,Jimmy Walker,172.4,6369159.0,1026
2013,39,0,28307,Matt Every,172.5,6845182.0,1102
2013,39,0,26851,Marc Leishman,172.5,5434840.0,875
2013,39,0,24138,Ian Poulter,172.5,3360262.0,541
2013,39,0,24502,Adam Scott,172.5,3782821.0,609
2013,43,0,24781,Hunter Mahan,172.6,5834664.0,939
2013,43,0,26289,Boo Weekley,172.6,7097288.0,1142
2013,45,0,27408,Martin Kaymer,172.8,3620134.0,582
2013,46,0,21731,Freddie Jacobson,172.9,3958152.0,636
2013,46,0,25562,Andres Romero,172.9,4420252.0,710
2013,46,0,28780,Nicholas Thompson,172.9,7368025.0,1184
2013,49,0,34099,Harris English,173.0,6986379.0,1122
2013,49,0,12716,Charley Hoffman,173.0,6227082.0,1000
2013,51,0,20691,Greg Owen,173.1,5620494.0,902
2013,52,0,22913,John Rollins,173.2,5781202.0,927
2013,52,0,23788,D.J. Trahan,173.2,3242619.0,520
2013,54,0,24140,Sean O'Hair,173.3,4353709.0,698
2013,54,0,29425,Andrew Svoboda,173.3,3001709.0,481
2013,54,0,20396,Lee Westwood,173.3,4393025.0,704
2013,57,0,27436,Graham DeLaet,173.5,6968719.0,1116
2013,57,0,37273,Derek Ernst,173.5,4221193.0,676
2013,59,0,34098,Russell Henley,173.6,5686307.0,910
2013,59,0,30852,Ryo Ishikawa,173.6,4717561.0,755
2013,61,0,34046,Jordan Spieth,173.7,5782744.0,925
2013,62,0,27644,Brian Harman,173.8,6525763.0,1043
2013,63,0,30926,Chris Kirk,174.0,6954096.0,1110
2013,64,0,32366,Kevin Chappell,174.4,5768996.0,919
2013,64,0,24399,Scott Gardiner,174.4,4471151.0,712
2013,64,0,28475,Jeff Overton,174.4,6392739.0,1018
2013,67,0,27095,Nick Watney,174.6,6374789.0,1014
2013,68,0,27330,Josh Teater,174.8,5267877.0,837
2013,69,0,27120,Troy Matteson,174.9,5074448.0,806
2013,70,0,29740,Brad Fritsch,175.0,5832645.0,926
2013,70,0,22792,Peter Hanson,175.0,2853144.0,453
2013,72,0,1810,Phil Mickelson,175.1,4917849.0,780
2013,73,0,21528,Henrik Stenson,175.2,3835125.0,608
2013,74,0,6522,Ernie Els,175.3,4215540.0,668
2013,74,0,32698,Bobby Gates,175.3,3237800.0,513
2013,76,0,29420,Billy Horschel,175.4,7235940.0,1146
2013,76,0,26300,Matt Jones,175.4,6112723.0,968
2013,78,0,24924,Bill Haas,175.5,6078205.0,962
2013,78,0,23325,Vaughn Taylor,175.5,3474650.0,550
2013,80,0,6567,Vijay Singh,175.6,4196978.0,664
2013,81,0,24494,Erik Compton,175.7,5660281.0,895
2013,81,0,27503,Steve LeBrun,175.7,4637360.0,733
2013,83,0,23108,Matt Kuchar,175.8,6018098.0,951
2013,84,0,25900,Lucas Glover,176.0,4543905.0,717
2013,84,0,30163,Henrik Norlander,176.0,5158244.0,814
2013,86,0,27770,Camilo Villegas,176.4,5550840.0,874
2013,87,0,6527,Steve Stricker,176.5,3120631.0,491
2013,88,0,27214,Kevin Streelman,176.9,5992378.0,941
2013,89,0,29479,Scott Brown,177.0,4829428.0,758
2013,89,0,21209,Sergio Garcia,177.0,4122788.0,647
2013,91,0,28259,Sangmoon Bae,177.2,6346641.0,995
2013,91,0,32102,Rickie Fowler,177.2,5237795.0,821
2013,93,0,26596,Ryan Moore,177.5,5072461.0,794
2013,94,0,24663,Y.E. Yang,177.6,3619677.0,566
2013,95,0,27936,Martin Laird,177.7,4670676.0,730
2013,96,0,23135,Tim Clark,177.8,3821493.0,597
2013,97,0,23638,Brendon de Jonge,178.0,8600629.0,1342
2013,98,0,8725,Tom Gillis,178.1,5308099.0,828
2013,99,0,28455,Will Claxton,178.2,4952973.0,772
2013,100,0,27895,Jonas Blixt,178.4,5910221.0,920
2013,100,0,20572,Rod Pampling,178.4,3115295.0,485
2013,100,0,23623,Bo Van Pelt,178.4,4791138.0,746
2013,103,0,27649,Brandt Snedeker,178.5,5160891.0,803
2013,104,0,28679,Fabián Gómez,178.6,4944156.0,769
2013,104,0,31202,William McGirt,178.6,6248719.0,972
2013,104,0,29518,Brendan Steele,178.6,6828831.0,1062
2013,107,0,25336,Alistair Presnell,178.7,4034013.0,627
2013,108,0,32448,James Hahn,178.8,5908067.0,918
2013,108,0,24490,George McNeill,178.8,5696946.0,885
2013,110,0,34021,Bud Cauley,178.9,4938619.0,767
2013,111,0,12782,Tim Herron,179.1,3894839.0,604
2013,111,0,24024,Zach Johnson,179.1,6027124.0,935
2013,111,0,24361,Pat Perez,179.1,5596843.0,868
2013,114,0,24846,Ricky Barnes,179.2,5773400.0,895
2013,114,0,20229,Stewart Cink,179.2,4888966.0,758
2013,116,0,20098,Stuart Appleby,179.3,6964405.0,1079
2013,116,0,12510,Chad Campbell,179.3,6388800.0,990
2013,118,0,22046,Geoff Ogilvy,179.4,3681722.0,570
2013,119,0,23353,J.J. Henry,179.5,6610806.0,1023
2013,119,0,6573,Brandt Jobe,179.5,4716567.0,730
2013,119,0,27556,Ted Potter Jr.,179.5,4930856.0,763
2013,122,0,32200,Roberto Castro,179.7,7512118.0,1161
2013,122,0,19970,Robert Karlsson,179.7,3272538.0,506
2013,122,0,20645,John Senden,179.7,5471755.0,846
2013,125,0,22371,Aaron Baddeley,179.8,5151333.0,796
2013,125,0,23541,Ben Crane,179.8,4905080.0,758
2013,127,0,34409,David Lingmerth,179.9,5070743.0,783
2013,127,0,1724,Jeff Maggert,179.9,5117630.0,790
2013,129,0,27933,John Merrick,180.1,6121844.0,944
2013,129,0,25834,Daniel Summerhays,180.1,6981442.0,1077
2013,129,0,8793,Tiger Woods,180.1,3832818.0,591
2013,132,0,21878,Mark Wilson,180.4,4527288.0,697
2013,133,0,25572,Graeme McDowell,180.5,3353399.0,516
2013,134,0,23409,James Driscoll,180.6,5584553.0,859
2013,134,0,34174,John Huh,180.6,6781097.0,1043
2013,134,0,26476,Chez Reavie,180.6,6034629.0,928
2013,137,0,33419,Cameron Tringale,181.6,6715641.0,1027
2013,138,0,22961,David Mathis,181.9,5579745.0,852
2013,138,0,26951,Johnson Wagner,181.9,4707033.0,719
2013,140,0,35539,Luke Guthrie,182.5,5839851.0,889
2013,141,0,24357,K.J. Choi,182.7,5748800.0,874
2013,142,0,24227,Justin Bolli,183.0,4176222.0,634
2013,142,0,25444,Justin Hicks,183.0,6020973.0,914
2013,144,0,26758,David Hearn,183.1,6671965.0,1012
2013,145,0,21753,Brian Davis,183.2,7597315.0,1152
2013,145,0,22295,Darron Stiles,183.2,3831097.0,581
2013,145,0,26497,Casey Wittenberg,183.2,5455534.0,827
2013,148,0,32150,Michael Thompson,183.5,4810028.0,728
2013,149,0,6004,Stephen Ames,183.6,3971877.0,601
2013,149,0,20160,Charlie Wi,183.6,6009085.0,909
2013,151,0,31560,Brian Stuard,183.8,5730847.0,866
2013,152,0,1116,Michael Bradley,183.9,3853583.0,582
2013,153,0,28092,D.H. Lee,184.0,5265177.0,795
2013,154,0,27963,Chris Stroud,184.1,7043992.0,1063
2013,155,0,19846,Brian Gay,184.3,6494565.0,979
2013,156,0,24507,Jason Bohn,184.5,6057428.0,912
2013,156,0,1320,Bob Estes,184.5,5678919.0,855
2013,158,0,25240,D.A. Points,184.6,6235146.0,938
2013,159,0,22621,Ben Curtis,184.7,4222880.0,635
2013,159,0,36884,Ben Kohles,184.7,5643678.0,849
2013,161,0,20104,Ken Duke,185.0,6933614.0,1041
2013,161,0,22378,Trevor Immelman,185.0,5661094.0,850
2013,161,0,28135,Aaron Watkins,185.0,3210602.0,482
2013,164,0,28310,Lee Williams,185.1,4697500.0,705
2013,165,0,20593,Greg Chalmers,185.2,6373143.0,956
2013,165,0,34261,Scott Langley,185.2,5859767.0,879
2013,167,0,10885,Robert Allenby,185.4,4757726.0,713
2013,168,0,22806,Doug LaBelle II,185.5,5429340.0,813
2013,169,0,2206,David Toms,185.6,2946784.0,441
2013,170,0,10213,Dicky Pride,186.0,5458581.0,815
2013,171,0,21099,David Lynn,186.2,5189658.0,774
2013,172,0,8075,Jerry Kelly,186.3,5948394.0,887
2013,172,0,35139,Richard Lee,186.3,6646309.0,991
2013,174,0,23983,Luke Donald,186.4,4247569.0,633
2013,175,0,10860,Justin Leonard,186.8,6946650.0,1033
2013,176,0,23800,Bryce Molder,188.1,6595319.0,974
2013,177,0,10809,Jim Furyk,188.5,6031406.0,889
2013,178,0,20443,Jin Park,189.0,4042277.0,594
2013,179,0,30711,Colt Knost,189.9,5413564.0,792
2013,180,0,10423,Mike Weir,190.4,4358398.0,636
2012,1,0,25804,Bubba Watson,152.2,3885791.0,709
2012,2,0,1249,John Daly,154.5,2886568.0,519
2012,3,0,32334,Charlie Beljan,155.3,3316190.0,593
2012,4,0,27141,J.B. Holmes,158.0,6070610.0,1067
2012,5,0,30692,Scott Stallings,161.2,5436851.0,937
2012,6,0,30925,Dustin Johnson,161.3,4232966.0,729
2012,7,0,24940,Edward Loar,161.8,3430532.0,589
2012,8,0,24358,Robert Garrigus,161.9,5944747.0,1020
2012,9,0,30110,Kyle Stanley,163.1,5695790.0,970
2012,10,0,21805,Harrison Frazar,163.2,3883788.0,661
2012,11,0,28237,Rory McIlroy,163.3,3273939.0,557
2012,12,0,30944,Jason Kokrak,163.5,5516299.0,937
2012,12,0,31323,Gary Woodland,163.5,4244625.0,721
2012,14,0,33141,Keegan Bradley,164.9,5829569.0,982
2012,15,0,27064,Jhonattan Vegas,165.1,5592410.0,941
2012,16,0,24140,Sean O'Hair,165.2,6227452.0,1047
2012,17,0,23320,Ryan Palmer,165.3,5784312.0,972
2012,17,0,25818,Scott Piercy,165.3,7049766.0,1185
2012,19,0,27330,Josh Teater,165.5,6796602.0,1141
2012,20,0,27436,Graham DeLaet,165.6,5811062.0,975
2012,21,0,20850,Daniel Chopra,165.8,3498719.0,586
2012,21,0,29420,Billy Horschel,165.8,3962135.0,664
2012,23,0,19970,Robert Karlsson,166.6,3375722.0,563
2012,24,0,23621,Rory Sabbatini,167.2,5953088.0,989
2012,25,0,28308,Troy Kelly,167.5,4203669.0,697
2012,26,0,20848,Ángel Cabrera,167.8,3038178.0,503
2012,27,0,27302,Garth Mulroy,168.3,3829406.0,632
2012,28,0,29479,Scott Brown,168.5,4247240.0,700
2012,28,0,28500,Martin Flores,168.5,6828292.0,1126
2012,28,0,26289,Boo Weekley,168.5,4865125.0,802
2012,31,0,34099,Harris English,168.6,7271360.0,1198
2012,31,0,30750,Tommy Gainey,168.6,7479890.0,1232
2012,31,0,32698,Bobby Gates,168.6,6354531.0,1047
2012,31,0,27936,Martin Laird,168.6,4509220.0,743
2012,31,0,27120,Troy Matteson,168.6,6893949.0,1136
2012,36,0,1706,Davis Love III,168.7,4365461.0,719
2012,37,0,26300,Matt Jones,168.8,3608813.0,594
2012,38,0,33120,Mark Anderson,168.9,5089164.0,837
2012,38,0,28089,Jason Day,168.9,3920923.0,645
2012,40,0,29289,S.Y. Noh,169.2,7127856.0,1170
2012,40,0,26329,Louis Oosthuizen,169.2,4086544.0,671
2012,42,0,29478,Kevin Kisner,169.3,4425189.0,726
2012,42,0,6567,Vijay Singh,169.3,6787629.0,1114
2012,44,0,22371,Aaron Baddeley,169.4,4629758.0,759
2012,44,0,24502,Adam Scott,169.4,3463436.0,568
2012,44,0,26287,Roland Thatcher,169.4,3652133.0,599
2012,47,0,22913,John Rollins,169.9,5956230.0,974
2012,48,0,24494,Erik Compton,170.3,5414494.0,883
2012,48,0,28475,Jeff Overton,170.3,7784110.0,1270
2012,50,0,12716,Charley Hoffman,170.4,6393126.0,1042
2012,50,0,23788,D.J. Trahan,170.4,5201003.0,848
2012,52,0,11123,Chris Couch,170.6,4490219.0,731
2012,53,0,23548,Bill Lunde,170.7,5627717.0,916
2012,54,0,21961,Charles Howell III,170.9,6540754.0,1063
2012,54,0,25345,Carl Pettersson,170.9,6711083.0,1091
2012,56,0,28455,Will Claxton,171.0,7318814.0,1189
2012,57,0,23903,Stephen Gangluff,171.1,3572345.0,580
2012,58,0,23623,Bo Van Pelt,171.4,5547401.0,899
2012,59,0,29221,Webb Simpson,171.6,5634808.0,912
2012,60,0,24924,Bill Haas,171.7,5272597.0,853
2012,60,0,27644,Brian Harman,171.7,7484955.0,1211
2012,62,0,32366,Kevin Chappell,171.8,6116348.0,989
2012,62,0,25686,Jason Dufner,171.8,5416600.0,876
2012,62,0,30926,Chris Kirk,171.8,7278481.0,1177
2012,62,0,20691,Greg Owen,171.8,6586968.0,1065
2012,66,0,28093,Miguel Angel Carballo,172.2,4860575.0,784
2012,66,0,32200,Roberto Castro,172.2,6433509.0,1038
2012,68,0,20574,Mathew Goggin,172.3,4694262.0,757
2012,69,0,34021,Bud Cauley,172.4,7715194.0,1243
2012,69,0,29926,Danny Lee,172.4,5014038.0,808
2012,71,0,27214,Kevin Streelman,172.5,6568375.0,1058
2012,71,0,27095,Nick Watney,172.5,6488144.0,1045
2012,73,0,26331,Charl Schwartzel,172.7,3462062.0,557
2012,73,0,27770,Camilo Villegas,172.7,6216897.0,1000
2012,75,0,12782,Tim Herron,172.9,6543687.0,1051
2012,75,0,26679,Kevin Stadler,172.9,6006448.0,965
2012,77,0,20396,Lee Westwood,173.0,3456279.0,555
2012,78,0,21731,Freddie Jacobson,173.5,3821599.0,612
2012,79,0,30852,Ryo Ishikawa,173.7,3182055.0,509
2012,79,0,25892,Steve Wheatcroft,173.7,3614057.0,578
2012,81,0,22582,Kyle Thompson,173.8,3178783.0,508
2012,82,0,25834,Daniel Summerhays,173.9,5903966.0,943
2012,83,0,1810,Phil Mickelson,174.0,5130415.0,819
2012,84,0,24925,Jonathan Byrd,174.1,4843751.0,773
2012,84,0,35139,Richard Lee,174.1,4919546.0,785
2012,86,0,28307,Matt Every,174.4,5513224.0,878
2012,86,0,31558,J.J. Killeen,174.4,7287684.0,1161
2012,88,0,1724,Jeff Maggert,174.6,6790068.0,1080
2012,88,0,27933,John Merrick,174.6,6240609.0,993
2012,88,0,8793,Tiger Woods,174.6,4204705.0,669
2012,91,0,32102,Rickie Fowler,174.8,5733010.0,911
2012,91,0,27797,Derek Lamely,174.8,4787753.0,761
2012,93,0,12510,Chad Campbell,175.0,6349883.0,1008
2012,94,0,29476,Kyle Reifers,175.1,6435633.0,1021
2012,94,0,29518,Brendan Steele,175.1,5572951.0,884
2012,96,0,25632,Jimmy Walker,175.2,7878236.0,1249
2012,97,0,21209,Sergio Garcia,175.3,3810952.0,604
2012,97,0,20766,Padraig Harrington,175.3,3906438.0,619
2012,99,0,20070,Matt Bettencourt,175.4,5165693.0,818
2012,99,0,24604,Hunter Haas,175.4,4547404.0,720
2012,101,0,20098,Stuart Appleby,175.5,5630910.0,891
2012,101,0,23542,Tommy Biershenk,175.5,4991044.0,790
2012,101,0,25562,Andres Romero,175.5,4644012.0,735
2012,104,0,29910,Blake Adams,175.6,7688676.0,1216
2012,104,0,27963,Chris Stroud,175.6,6522689.0,1032
2012,104,0,23325,Vaughn Taylor,175.6,5519138.0,873
2012,107,0,21407,Arjun Atwal,175.7,5731889.0,906
2012,108,0,6036,Scott Dunlap,175.8,4056464.0,641
2012,108,0,6573,Brandt Jobe,175.8,3929354.0,621
2012,108,0,24781,Hunter Mahan,175.8,5652361.0,893
2012,108,0,1766,Billy Mayfair,175.8,6785481.0,1072
2012,108,0,20645,John Senden,175.8,5431119.0,858
2012,113,0,6527,Steve Stricker,176.0,4765233.0,752
2012,114,0,6522,Ernie Els,176.1,5692619.0,898
2012,114,0,25240,D.A. Points,176.1,6999710.0,1104
2012,114,0,25457,Alexandre Rocha,176.1,4405271.0,695
2012,114,0,33419,Cameron Tringale,176.1,6733693.0,1062
2012,118,0,8725,Tom Gillis,176.2,6006041.0,947
2012,118,0,21528,Henrik Stenson,176.2,3690744.0,582
2012,120,0,33122,Russell Knox,176.3,4930281.0,777
2012,121,0,23353,J.J. Henry,176.4,6237363.0,982
2012,122,0,6034,Marco Dawson,176.6,3973718.0,625
2012,123,0,23409,James Driscoll,176.8,6080048.0,955
2012,123,0,34174,John Huh,176.8,7517615.0,1181
2012,125,0,23108,Matt Kuchar,176.9,5802585.0,911
2012,126,0,24846,Ricky Barnes,177.0,7193077.0,1129
2012,126,0,23541,Ben Crane,177.0,5442005.0,854
2012,126,0,20572,Rod Pampling,177.0,6065226.0,952
2012,126,0,22293,Heath Slocum,177.0,6647603.0,1043
2012,130,0,1797,Rocco Mediate,177.1,5113084.0,802
2012,131,0,27895,Jonas Blixt,177.3,5628974.0,882
2012,132,0,28259,Sangmoon Bae,177.4,5026814.0,787
2012,133,0,20104,Ken Duke,177.6,7927414.0,1240
2012,134,0,23204,Gary Christian,177.7,6660831.0,1041
2012,134,0,22548,Patrick Sheehan,177.7,3876323.0,606
2012,136,0,23135,Tim Clark,177.8,4454021.0,696
2012,136,0,27556,Ted Potter Jr.,177.8,5390466.0,842
2012,138,0,1116,Michael Bradley,177.9,4770262.0,745
2012,138,0,23638,Brendon de Jonge,177.9,9041448.0,1412
2012,140,0,27466,Spencer Levin,178.1,5885037.0,918
2012,141,0,23718,Nathan Green,178.2,5042032.0,786
2012,141,0,26476,Chez Reavie,178.2,5823874.0,908
2012,143,0,24490,George McNeill,178.3,6263634.0,976
2012,144,0,26951,Johnson Wagner,178.5,6800132.0,1058
2012,145,0,27649,Brandt Snedeker,178.7,5724576.0,890
2012,145,0,24663,Y.E. Yang,178.7,4289960.0,667
2012,147,0,26758,David Hearn,178.8,7826167.0,1216
2012,147,0,22378,Trevor Immelman,178.8,5111232.0,794
2012,147,0,24138,Ian Poulter,178.8,3378491.0,525
2012,147,0,30927,Brendon Todd,178.8,5555993.0,863
2012,151,0,20229,Stewart Cink,178.9,4721109.0,733
2012,152,0,26851,Marc Leishman,179.0,6741606.0,1046
2012,152,0,31202,William McGirt,179.0,7005327.0,1087
2012,154,0,22046,Geoff Ogilvy,179.1,4861992.0,754
2012,154,0,24361,Pat Perez,179.1,6099186.0,946
2012,156,0,12652,Cameron Beckman,179.2,6069043.0,941
2012,157,0,24507,Jason Bohn,179.4,5844070.0,905
2012,157,0,26596,Ryan Moore,179.4,7239484.0,1121
2012,159,0,10885,Robert Allenby,179.6,5826206.0,901
2012,160,0,28087,Kris Blanks,179.8,5345933.0,826
2012,161,0,32150,Michael Thompson,180.0,5774790.0,891
2012,162,0,24024,Zach Johnson,180.2,6624070.0,1021
2012,162,0,22961,David Mathis,180.2,6182431.0,953
2012,164,0,6004,Stephen Ames,180.3,3473211.0,535
2012,165,0,27974,Sung Kang,180.4,5486559.0,845
2012,165,0,22405,Justin Rose,180.4,4766967.0,734
2012,167,0,24357,K.J. Choi,180.8,5057093.0,777
2012,167,0,20160,Charlie Wi,180.8,6526718.0,1003
2012,169,0,21753,Brian Davis,180.9,7099717.0,1090
2012,170,0,19846,Brian Gay,181.0,6997675.0,1074
2012,171,0,25396,Kevin Na,181.6,5858830.0,896
2012,172,0,8075,Jerry Kelly,181.9,6607038.0,1009
2012,172,0,25572,Graeme McDowell,181.9,3470764.0,530
2012,174,0,1320,Bob Estes,182.0,5877604.0,897
2012,175,0,2206,David Toms,182.3,4016077.0,612
2012,176,0,10213,Dicky Pride,182.4,4465636.0,680
2012,177,0,10809,Jim Furyk,183.0,5943371.0,902
2012,178,0,10860,Justin Leonard,183.4,6147176.0,931
2012,179,0,27060,John Mallinger,183.6,5717104.0,865
2012,180,0,20623,Gavin Coles,183.8,5221475.0,789
2012,181,0,21878,Mark Wilson,184.2,6246852.0,942
2012,182,0,21350,Ryuji Imada,184.5,6297591.0,948
2012,183,0,29222,Billy Hurley III,184.9,5145137.0,773
2012,184,0,20593,Greg Chalmers,185.3,6903022.0,1035
2012,185,0,30711,Colt Knost,185.9,6191343.0,925
2012,186,0,22621,Ben Curtis,186.0,4471846.0,668
2012,187,0,23800,Bryce Molder,186.1,6552996.0,978
2012,188,0,23983,Luke Donald,186.9,4455127.0,662
2012,189,0,1941,Tom Pernice Jr.,187.0,4760036.0,707
2012,190,0,6251,Chris DiMarco,187.1,6655662.0,988
2012,191,0,22348,Nick O'Hern,189.7,6364701.0,932
2011,1,0,27141,J.B. Holmes,152.7,3517945.0,640
2011,2,0,30925,Dustin Johnson,156.4,4189618.0,744
2011,3,0,24358,Robert Garrigus,156.6,5348800.0,949
2011,4,0,25804,Bubba Watson,158.4,4648312.0,815
2011,5,0,25274,Steven Bowditch,160.2,6119694.0,1061
2011,6,0,23497,Tag Ridings,162.3,5865654.0,1004
2011,7,0,31323,Gary Woodland,162.4,5593345.0,957
2011,8,0,27064,Jhonattan Vegas,163.2,5669639.0,965
2011,9,0,23788,D.J. Trahan,163.3,6695576.0,1139
2011,10,0,27330,Josh Teater,163.4,7483832.0,1272
2011,11,0,24502,Adam Scott,164.4,3722340.0,629
2011,11,0,30110,Kyle Stanley,164.4,6502653.0,1099
2011,13,0,27936,Martin Laird,164.6,5056070.0,853
2011,14,0,27095,Nick Watney,164.8,5067357.0,854
2011,15,0,12716,Charley Hoffman,164.9,6030872.0,1016
2011,16,0,25818,Scott Piercy,165.0,5114443.0,861
2011,16,0,30692,Scott Stallings,165.0,5632775.0,948
2011,18,0,34072,Will Strickler,165.1,3477683.0,585
2011,19,0,21805,Harrison Frazar,165.2,3432063.0,577
2011,20,0,20848,Ángel Cabrera,165.3,2838266.0,477
2011,21,0,28475,Jeff Overton,165.4,6020923.0,1011
2011,22,0,30946,Alex Prugh,165.5,5784157.0,971
2011,23,0,23623,Bo Van Pelt,165.9,5889432.0,986
2011,24,0,28089,Jason Day,166.5,4873198.0,813
2011,25,0,1706,Davis Love III,166.6,4287352.0,715
2011,26,0,26289,Boo Weekley,166.9,4728948.0,787
2011,27,0,27120,Troy Matteson,167.1,6684384.0,1111
2011,28,0,23320,Ryan Palmer,167.3,4897487.0,813
2011,29,0,32102,Rickie Fowler,167.4,5489052.0,911
2011,30,0,22913,John Rollins,167.5,5950901.0,987
2011,31,0,30750,Tommy Gainey,167.8,7531111.0,1247
2011,31,0,21209,Sergio Garcia,167.8,3763516.0,623
2011,33,0,11123,Chris Couch,167.9,5653147.0,935
2011,34,0,33141,Keegan Bradley,168.0,6434012.0,1064
2011,35,0,25562,Andres Romero,168.1,5621371.0,929
2011,36,0,32366,Kevin Chappell,168.2,5081574.0,839
2011,36,0,1810,Phil Mickelson,168.2,4794316.0,792
2011,38,0,22371,Aaron Baddeley,168.4,5177662.0,854
2011,38,0,24924,Bill Haas,168.4,6085056.0,1004
2011,40,0,8725,Tom Gillis,168.5,4155035.0,685
2011,41,0,23409,James Driscoll,168.7,5029734.0,828
2011,41,0,29718,Anthony Kim,168.7,4821262.0,794
2011,41,0,29221,Webb Simpson,168.7,6976856.0,1149
2011,44,0,31557,Jim Herman,169.0,4813606.0,791
2011,45,0,28486,Michael Putnam,169.1,4413529.0,725
2011,46,0,21949,Joe Ogilvie,169.6,5108945.0,837
2011,47,0,27214,Kevin Streelman,169.7,6011941.0,984
2011,48,0,27963,Chris Stroud,169.8,6534979.0,1069
2011,49,0,27933,John Merrick,169.9,5126243.0,838
2011,49,0,25345,Carl Pettersson,169.9,7606953.0,1244
2011,51,0,27797,Derek Lamely,170.0,4827329.0,789
2011,51,0,31193,Jim Renner,170.0,4466961.0,730
2011,53,0,31401,Zack Miller,170.5,6296486.0,1026
2011,54,0,35087,Bio Kim,170.6,4844894.0,789
2011,54,0,30926,Chris Kirk,170.6,6467332.0,1053
2011,54,0,28158,Steve Marino,170.6,5287454.0,861
2011,57,0,6567,Vijay Singh,170.8,6099810.0,992
2011,58,0,24140,Sean O'Hair,170.9,5058003.0,822
2011,59,0,26679,Kevin Stadler,171.0,6139249.0,997
2011,60,0,33419,Cameron Tringale,171.1,8239347.0,1338
2011,61,0,21961,Charles Howell III,171.2,7765884.0,1260
2011,62,0,25572,Graeme McDowell,171.3,3194679.0,518
2011,62,0,32876,Martin Piller,171.3,4372996.0,709
2011,64,0,24846,Ricky Barnes,171.4,5447663.0,883
2011,64,0,23548,Bill Lunde,171.4,6553455.0,1062
2011,66,0,34255,Joseph Bramlett,171.5,5167205.0,837
2011,67,0,20070,Matt Bettencourt,171.6,6500190.0,1052
2011,67,0,26851,Marc Leishman,171.6,6740722.0,1091
2011,67,0,25632,Jimmy Walker,171.6,6424034.0,1040
2011,70,0,19970,Robert Karlsson,171.7,3850099.0,623
2011,71,0,26758,David Hearn,171.9,6539991.0,1057
2011,72,0,24781,Hunter Mahan,172.0,6513967.0,1052
2011,73,0,24490,George McNeill,172.2,4942006.0,797
2011,74,0,24925,Jonathan Byrd,172.3,6179051.0,996
2011,74,0,6522,Ernie Els,172.3,5087615.0,820
2011,76,0,32698,Bobby Gates,172.4,5709267.0,920
2011,76,0,20766,Padraig Harrington,172.4,3815873.0,615
2011,78,0,29720,Andres Gonzales,172.5,3899362.0,628
2011,78,0,6573,Brandt Jobe,172.5,6916424.0,1114
2011,80,0,27974,Sung Kang,172.6,4380521.0,705
2011,81,0,1116,Michael Bradley,172.7,4999483.0,804
2011,81,0,29420,Billy Horschel,172.7,5297244.0,852
2011,81,0,32150,Michael Thompson,172.7,5870682.0,944
2011,84,0,23621,Rory Sabbatini,172.9,5227710.0,840
2011,85,0,29910,Blake Adams,173.0,9010690.0,1447
2011,85,0,20572,Rod Pampling,173.0,5199722.0,835
2011,87,0,12782,Tim Herron,173.1,6617148.0,1062
2011,88,0,10885,Robert Allenby,173.3,6058961.0,971
2011,88,0,24980,Scott Gutschewski,173.3,4723659.0,757
2011,88,0,31202,William McGirt,173.3,7922641.0,1270
2011,91,0,24361,Pat Perez,173.4,6037033.0,967
2011,92,0,29518,Brendan Steele,173.5,6602118.0,1057
2011,93,0,26287,Roland Thatcher,173.6,5235799.0,838
2011,94,0,27649,Brandt Snedeker,173.7,5745999.0,919
2011,95,0,23541,Ben Crane,173.8,5386547.0,861
2011,95,0,9011,David Duval,173.8,4980958.0,796
2011,95,0,25900,Lucas Glover,173.8,5248080.0,839
2011,95,0,27770,Camilo Villegas,173.8,4931665.0,788
2011,99,0,1577,Lee Janzen,174.0,4316597.0,689
2011,100,0,10585,Scott McCarron,174.3,4680963.0,746
2011,100,0,25457,Alexandre Rocha,174.3,4228022.0,674
2011,102,0,20498,Briny Baird,174.5,4272886.0,680
2011,102,0,25686,Jason Dufner,174.5,5653602.0,900
2011,102,0,29478,Kevin Kisner,174.5,4924629.0,784
2011,102,0,33413,Ben Martin,174.5,5604424.0,892
2011,106,0,12510,Chad Campbell,174.7,7495805.0,1192
2011,107,0,23108,Matt Kuchar,174.8,6249053.0,993
2011,108,0,26300,Matt Jones,174.9,5529538.0,878
2011,109,0,22046,Geoff Ogilvy,175.3,4676046.0,741
2011,109,0,20645,John Senden,175.3,7068444.0,1120
2011,111,0,23353,J.J. Henry,175.7,6889390.0,1089
2011,111,0,21731,Freddie Jacobson,175.7,6111081.0,966
2011,111,0,27466,Spencer Levin,175.7,8188932.0,1295
2011,111,0,26331,Charl Schwartzel,175.7,3535349.0,559
2011,115,0,32640,Troy Merritt,175.9,4944602.0,781
2011,115,0,26476,Chez Reavie,175.9,7186532.0,1135
2011,117,0,24604,Hunter Haas,176.0,7424693.0,1172
2011,117,0,22378,Trevor Immelman,176.0,5836818.0,921
2011,117,0,26596,Ryan Moore,176.0,5251788.0,829
2011,120,0,24290,D.J. Brigman,176.1,4755399.0,750
2011,120,0,24138,Ian Poulter,176.1,3435351.0,542
2011,122,0,24507,Jason Bohn,176.3,5907578.0,931
2011,122,0,22293,Heath Slocum,176.3,6518255.0,1027
2011,124,0,12652,Cameron Beckman,176.4,5588739.0,880
2011,125,0,23638,Brendon de Jonge,176.6,8028752.0,1263
2011,125,0,25444,Justin Hicks,176.6,3878193.0,610
2011,127,0,22405,Justin Rose,176.7,5558641.0,874
2011,128,0,20098,Stuart Appleby,176.8,5236996.0,823
2011,129,0,10505,Shane Bertsch,176.9,4585617.0,720
2011,129,0,28679,Fabián Gómez,176.9,6016754.0,945
2011,129,0,6527,Steve Stricker,176.9,4720193.0,741
2011,129,0,23325,Vaughn Taylor,176.9,7234727.0,1136
2011,133,0,21407,Arjun Atwal,177.2,7247858.0,1136
2011,134,0,24663,Y.E. Yang,177.3,3715176.0,582
2011,135,0,28087,Kris Blanks,177.6,7369960.0,1153
2011,135,0,20229,Stewart Cink,177.6,4570248.0,715
2011,137,0,25240,D.A. Points,177.7,6519048.0,1019
2011,138,0,20157,Retief Goosen,177.8,3469489.0,542
2011,139,0,7457,Steve Flesch,177.9,6840154.0,1068
2011,140,0,27939,Matt McQuillan,178.1,4258391.0,664
2011,141,0,8375,Paul Stankowski,178.3,5724312.0,892
2011,141,0,20160,Charlie Wi,178.3,6798095.0,1059
2011,143,0,21350,Ryuji Imada,178.5,6719757.0,1046
2011,144,0,26881,Jarrod Lyle,178.6,6353840.0,988
2011,145,0,1948,Tim Petrovic,178.8,6817223.0,1059
2011,145,0,21878,Mark Wilson,178.8,6199739.0,963
2011,147,0,1766,Billy Mayfair,178.9,7591539.0,1179
2011,148,0,6004,Stephen Ames,179.0,5340860.0,829
2011,148,0,6621,Joe Durant,179.0,5697115.0,884
2011,148,0,10733,Kent Jones,179.0,5972456.0,927
2011,151,0,21753,Brian Davis,179.2,8192843.0,1270
2011,151,0,8537,J.P. Hayes,179.2,4277012.0,663
2011,153,0,10809,Jim Furyk,179.4,6309973.0,977
2011,154,0,28620,Aron Price,179.5,4400386.0,681
2011,155,0,7867,Woody Austin,179.7,4464860.0,690
2011,155,0,1313,Steve Elkington,179.7,3752184.0,580
2011,157,0,23718,Nathan Green,179.9,6225342.0,961
2011,158,0,23614,Rich Beem,180.1,4058339.0,626
2011,159,0,6515,Shaun Micheel,180.4,5759897.0,887
2011,160,0,26951,Johnson Wagner,181.0,6325677.0,971
2011,161,0,23983,Luke Donald,181.2,4715505.0,723
2011,162,0,30711,Colt Knost,181.3,6062986.0,929
2011,162,0,2206,David Toms,181.3,5318373.0,815
2011,162,0,20436,Garrett Willis,181.3,5762612.0,883
2011,165,0,6251,Chris DiMarco,181.4,7410564.0,1135
2011,165,0,23800,Bryce Molder,181.4,6385296.0,978
2011,165,0,20127,Chris Riley,181.4,6130686.0,939
2011,168,0,8075,Jerry Kelly,181.6,6157004.0,942
2011,169,0,23673,Michael Connell,181.9,6494333.0,992
2011,169,0,22961,David Mathis,181.9,6369869.0,973
2011,169,0,25396,Kevin Na,181.9,6111276.0,933
2011,172,0,10860,Justin Leonard,182.1,6659430.0,1016
2011,173,0,20593,Greg Chalmers,182.2,7169140.0,1093
2011,174,0,24024,Zach Johnson,182.4,5845245.0,890
2011,174,0,25834,Daniel Summerhays,182.4,5908339.0,900
2011,176,0,24357,K.J. Choi,182.5,5295807.0,806
2011,177,0,22621,Ben Curtis,183.1,5676858.0,861
2011,178,0,1797,Rocco Mediate,183.4,4391258.0,665
2011,179,0,22348,Nick O'Hern,183.5,6990909.0,1058
2011,180,0,33911,Nate Smith,184.4,4826236.0,727
2011,181,0,20472,Alex Cejka,184.5,4271825.0,643
2011,182,0,6643,Paul Goydos,185.1,6808707.0,1022
2011,182,0,26668,Marc Turnesa,185.1,4231294.0,635
2011,184,0,12602,Dean Wilson,186.4,5192978.0,774
2011,185,0,19846,Brian Gay,186.5,6862150.0,1022
2011,186,0,26420,Richard Johnson,187.5,4993907.0,740
2010,1,0,1249,John Daly,154.2,3542492.0,638
2010,2,0,24358,Robert Garrigus,155.3,4689994.0,839
2010,3,0,30925,Dustin Johnson,158.8,4984130.0,872
2010,4,0,27141,J.B. Holmes,160.1,7009951.0,1216
2010,5,0,27436,Graham DeLaet,160.3,6042547.0,1047
2010,6,0,25804,Bubba Watson,161.1,5312025.0,916
2010,7,0,23322,Brett Wetterich,162.2,4245939.0,727
2010,8,0,20848,Ángel Cabrera,162.4,4167514.0,713
2010,9,0,23349,Charles Warren,163.2,4477042.0,762
2010,10,0,23788,D.J. Trahan,164.6,6714985.0,1133
2010,11,0,28500,Martin Flores,164.8,5107058.0,861
2010,12,0,27120,Troy Matteson,165.0,6444751.0,1085
2010,13,0,30946,Alex Prugh,165.2,6516587.0,1096
2010,14,0,22371,Aaron Baddeley,166.1,7157653.0,1197
2010,15,0,25818,Scott Piercy,166.2,6598974.0,1103
2010,16,0,12716,Charley Hoffman,166.5,6355029.0,1060
2010,17,0,26851,Marc Leishman,166.8,5921699.0,986
2010,18,0,27936,Martin Laird,166.9,6548416.0,1090
2010,18,0,28475,Jeff Overton,166.9,5859025.0,975
2010,20,0,1810,Phil Mickelson,167.2,4665349.0,775
2010,21,0,22913,John Rollins,167.5,6277788.0,1041
2010,22,0,26289,Boo Weekley,167.6,6203435.0,1028
2010,23,0,28237,Rory McIlroy,167.8,3333640.0,552
2010,23,0,27095,Nick Watney,167.8,5764382.0,954
2010,25,0,33419,Cameron Tringale,168.2,3741893.0,618
2010,26,0,20378,Mathias Grönberg,168.3,4167537.0,688
2010,26,0,6567,Vijay Singh,168.3,4792390.0,791
2010,28,0,20850,Daniel Chopra,168.4,5475844.0,903
2010,29,0,1706,Davis Love III,168.5,5533075.0,912
2010,30,0,26881,Jarrod Lyle,168.8,3858254.0,635
2010,31,0,23623,Bo Van Pelt,168.9,7352473.0,1209
2010,32,0,28089,Jason Day,169.4,5933663.0,973
2010,33,0,23409,James Driscoll,169.6,6155780.0,1008
2010,33,0,1945,Kenny Perry,169.6,4761316.0,780
2010,33,0,25562,Andres Romero,169.6,6038183.0,989
2010,36,0,23320,Ryan Palmer,169.7,5939712.0,972
2010,37,0,22056,Cameron Percy,169.8,4895730.0,801
2010,38,0,11123,Chris Couch,169.9,4972099.0,813
2010,38,0,27302,Garth Mulroy,169.9,3517427.0,575
2010,40,0,28307,Matt Every,170.0,4246169.0,694
2010,41,0,25364,Paul Casey,170.4,3765604.0,614
2010,41,0,23621,Rory Sabbatini,170.4,5651375.0,921
2010,43,0,27330,Josh Teater,170.6,7792615.0,1269
2010,44,0,20229,Stewart Cink,170.8,5551856.0,903
2010,45,0,20686,Jeev Milkha Singh,171.2,4405715.0,715
2010,46,0,29910,Blake Adams,171.4,6369378.0,1032
2010,47,0,25900,Lucas Glover,171.5,5030719.0,815
2010,48,0,32102,Rickie Fowler,171.6,7060978.0,1143
2010,49,0,6621,Joe Durant,171.7,4883863.0,790
2010,49,0,20157,Retief Goosen,171.7,4537599.0,734
2010,49,0,12782,Tim Herron,171.7,5830187.0,943
2010,49,0,27797,Derek Lamely,171.7,5364129.0,868
2010,49,0,26392,Chris Wilson,171.7,4401189.0,712
2010,54,0,21961,Charles Howell III,171.9,7599574.0,1228
2010,54,0,26679,Kevin Stadler,171.9,6114525.0,988
2010,56,0,24925,Jonathan Byrd,172.0,6991411.0,1129
2010,56,0,26695,Michael Letzig,172.0,6800107.0,1098
2010,58,0,20070,Matt Bettencourt,172.1,5959886.0,962
2010,59,0,24912,Will MacKenzie,172.2,5827601.0,940
2010,60,0,21959,Ted Purdy,172.5,6316856.0,1017
2010,61,0,20105,Jeff Gove,172.6,3765576.0,606
2010,61,0,1707,Steve Lowery,172.6,4746918.0,764
2010,63,0,24781,Hunter Mahan,172.7,5750041.0,925
2010,63,0,8375,Paul Stankowski,172.7,4520861.0,727
2010,63,0,23307,Roger Tambellini,172.7,5267273.0,847
2010,66,0,22122,Andrew McLardy,172.9,3771918.0,606
2010,66,0,24140,Sean O'Hair,172.9,5614024.0,902
2010,66,0,27214,Kevin Streelman,172.9,6882393.0,1106
2010,69,0,24924,Bill Haas,173.0,6432211.0,1033
2010,69,0,26300,Matt Jones,173.0,6831365.0,1097
2010,71,0,20098,Stuart Appleby,173.1,7422087.0,1191
2010,71,0,23353,J.J. Henry,173.1,6800600.0,1091
2010,71,0,20691,Greg Owen,173.1,5260174.0,844
2010,74,0,21209,Sergio Garcia,173.2,3092385.0,496
2010,75,0,26596,Ryan Moore,173.3,5266073.0,844
2010,75,0,28780,Nicholas Thompson,173.3,6627224.0,1062
2010,77,0,28158,Steve Marino,173.4,5435599.0,871
2010,77,0,27963,Chris Stroud,173.4,6140756.0,984
2010,79,0,24490,George McNeill,173.5,5988571.0,959
2010,80,0,25632,Jimmy Walker,173.6,5937997.0,950
2010,81,0,26287,Roland Thatcher,173.7,5795167.0,927
2010,82,0,20574,Mathew Goggin,173.8,6527192.0,1043
2010,82,0,32640,Troy Merritt,173.8,6545599.0,1046
2010,84,0,21949,Joe Ogilvie,173.9,7413995.0,1184
2010,85,0,27933,John Merrick,174.0,7954934.0,1270
2010,85,0,24361,Pat Perez,174.0,7140755.0,1140
2010,85,0,25892,Steve Wheatcroft,174.0,4947874.0,790
2010,88,0,27613,David Lutterus,174.3,4800623.0,765
2010,88,0,27770,Camilo Villegas,174.3,4850013.0,773
2010,90,0,20645,John Senden,174.5,7564447.0,1204
2010,91,0,20663,Brenden Pappas,174.8,4663605.0,741
2010,92,0,23108,Matt Kuchar,175.0,6539889.0,1038
2010,92,0,31560,Brian Stuard,175.0,6122109.0,972
2010,94,0,23638,Brendon de Jonge,175.2,7891915.0,1251
2010,94,0,23548,Bill Lunde,175.2,5706449.0,905
2010,94,0,10585,Scott McCarron,175.2,7171458.0,1137
2010,97,0,22946,Henrik Bjornstad,175.3,5104954.0,809
2010,97,0,29221,Webb Simpson,175.3,7921347.0,1255
2010,97,0,12714,Chris Tidland,175.3,5969191.0,946
2010,100,0,20766,Padraig Harrington,175.4,3794081.0,601
2010,101,0,8725,Tom Gillis,175.5,7826395.0,1239
2010,101,0,24663,Y.E. Yang,175.5,5103515.0,808
2010,103,0,12652,Cameron Beckman,175.6,5120912.0,810
2010,103,0,24502,Adam Scott,175.6,4539911.0,718
2010,105,0,10885,Robert Allenby,175.7,5377261.0,850
2010,106,0,28087,Kris Blanks,176.1,6472493.0,1021
2010,107,0,10425,Jay Williamson,176.4,5348387.0,842
2010,108,0,25345,Carl Pettersson,176.5,7218758.0,1136
2010,109,0,12510,Chad Campbell,176.6,7082547.0,1114
2010,109,0,1313,Steve Elkington,176.6,5175845.0,814
2010,111,0,23613,Rich Barcelo,177.0,4977196.0,781
2010,111,0,24846,Ricky Barnes,177.0,7225026.0,1134
2010,111,0,6595,Kevin Sutherland,177.0,6842694.0,1074
2010,114,0,26301,James Nitties,177.2,7074927.0,1109
2010,115,0,1161,Mark Calcavecchia,177.3,2879222.0,451
2010,115,0,21731,Freddie Jacobson,177.3,6785370.0,1063
2010,115,0,1577,Lee Janzen,177.3,6120629.0,959
2010,115,0,22405,Justin Rose,177.3,6166604.0,966
2010,119,0,1766,Billy Mayfair,177.5,5713480.0,894
2010,120,0,12705,Cliff Kresge,177.6,3924719.0,614
2010,120,0,2206,David Toms,177.6,6196386.0,969
2010,122,0,1116,Michael Bradley,177.7,5948806.0,930
2010,122,0,22046,Geoff Ogilvy,177.7,4439909.0,694
2010,122,0,32617,Jerod Turner,177.7,3504681.0,548
2010,125,0,1724,Jeff Maggert,177.8,5562713.0,869
2010,125,0,20127,Chris Riley,177.8,5588759.0,873
2010,127,0,20572,Rod Pampling,177.9,6166854.0,963
2010,127,0,23325,Vaughn Taylor,177.9,6950021.0,1085
2010,129,0,6515,Shaun Micheel,178.2,4714574.0,735
2010,130,0,1320,Bob Estes,178.5,6257742.0,974
2010,130,0,27466,Spencer Levin,178.5,8715991.0,1356
2010,130,0,28620,Aron Price,178.5,5506013.0,857
2010,133,0,7867,Woody Austin,178.7,7340048.0,1141
2010,133,0,26882,Michael Sim,178.7,4696994.0,730
2010,135,0,24024,Zach Johnson,179.1,6733013.0,1044
2010,136,0,25686,Jason Dufner,179.2,6155124.0,954
2010,136,0,21878,Mark Wilson,179.2,7011555.0,1087
2010,138,0,20498,Briny Baird,179.3,7021070.0,1088
2010,139,0,6522,Ernie Els,179.4,4933081.0,764
2010,140,0,9011,David Duval,179.5,4916383.0,761
2010,141,0,23541,Ben Crane,179.6,5915597.0,915
2010,141,0,8537,J.P. Hayes,179.6,6077259.0,940
2010,141,0,27060,John Mallinger,179.6,5780756.0,894
2010,141,0,22293,Heath Slocum,179.6,6542179.0,1012
2010,145,0,6004,Stephen Ames,179.7,6178220.0,955
2010,145,0,24357,K.J. Choi,179.7,5420075.0,838
2010,145,0,7749,Brett Quigley,179.7,7801586.0,1206
2010,148,0,24138,Ian Poulter,179.8,3028452.0,468
2010,149,0,6251,Chris DiMarco,180.0,6945712.0,1072
2010,150,0,12602,Dean Wilson,180.3,4192581.0,646
2010,151,0,8075,Jerry Kelly,180.4,7401675.0,1140
2010,151,0,6527,Steve Stricker,180.4,5072243.0,781
2010,151,0,20160,Charlie Wi,180.4,7935258.0,1222
2010,154,0,1797,Rocco Mediate,180.5,5470417.0,842
2010,154,0,20436,Garrett Willis,180.5,6327371.0,974
2010,156,0,23673,Michael Connell,180.6,6954787.0,1070
2010,157,0,25240,D.A. Points,180.7,7084399.0,1089
2010,157,0,26951,Johnson Wagner,180.7,6563370.0,1009
2010,159,0,1948,Tim Petrovic,180.9,8485978.0,1303
2010,160,0,24227,Justin Bolli,181.0,3752332.0,576
2010,161,0,21753,Brian Davis,181.3,8028436.0,1230
2010,161,0,22378,Trevor Immelman,181.3,3798195.0,582
2010,161,0,12755,Vance Veazey,181.3,4208830.0,645
2010,164,0,2239,Scott Verplank,181.4,5048514.0,773
2010,165,0,10860,Justin Leonard,181.6,6485361.0,992
2010,166,0,21350,Ryuji Imada,181.7,7606531.0,1163
2010,167,0,29285,Brent Delahoussaye,181.9,4204305.0,642
2010,167,0,1619,Skip Kendall,181.9,4433869.0,677
2010,167,0,25396,Kevin Na,181.9,6855792.0,1047
2010,170,0,24507,Jason Bohn,182.2,6676183.0,1018
2010,170,0,27649,Brandt Snedeker,182.2,6717076.0,1024
2010,172,0,6514,Kevin Johnson,182.3,4356822.0,664
2010,173,0,20593,Greg Chalmers,182.4,7847427.0,1195
2010,174,0,25720,Chad Collins,182.9,6769028.0,1028
2010,175,0,23718,Nathan Green,183.0,7377814.0,1120
2010,176,0,26420,Richard Johnson,183.4,6633692.0,1005
2010,177,0,1941,Tom Pernice Jr.,183.6,5313379.0,804
2010,178,0,23800,Bryce Molder,183.9,6632605.0,1002
2010,179,0,6012,Greg Kraft,184.2,3534717.0,533
2010,180,0,7457,Steve Flesch,184.5,5905798.0,889
2010,181,0,10809,Jim Furyk,184.6,5534381.0,833
2010,182,0,22621,Ben Curtis,184.8,6099107.0,917
2010,183,0,20472,Alex Cejka,184.9,6191022.0,930
2010,184,0,23135,Tim Clark,185.6,6320737.0,946
2010,185,0,25190,Jeff Quinney,185.8,7344940.0,1098
2010,186,0,8385,Omar Uresti,186.3,5667865.0,845
2010,187,0,6643,Paul Goydos,186.4,6107792.0,910
2010,188,0,10423,Mike Weir,187.6,3701254.0,548
2010,189,0,23983,Luke Donald,188.5,4913805.0,724
2010,190,0,19846,Brian Gay,189.0,7710389.0,1133
2010,191,0,7363,Craig Bowden,190.7,4579347.0,667
2010,192,0,1329,Brad Faxon,191.7,4512938.0,654
2009,1,0,30925,Dustin Johnson,155.7,4859387.0,867
2009,2,0,25562,Andres Romero,158.4,3393058.0,595
2009,3,0,23497,Tag Ridings,158.5,3201805.0,561
2009,4,0,31323,Gary Woodland,158.6,2808246.0,492
2009,5,0,29718,Anthony Kim,159.1,4713663.0,823
2009,6,0,24358,Robert Garrigus,161.2,5714625.0,985
2009,7,0,27141,J.B. Holmes,161.9,4888863.0,839
2009,7,0,25804,Bubba Watson,161.9,4540757.0,779
2009,9,0,6567,Vijay Singh,163.3,4157274.0,707
2009,10,0,1810,Phil Mickelson,163.9,3877157.0,657
2009,11,0,12716,Charley Hoffman,165.7,7104889.0,1191
2009,12,0,27095,Nick Watney,165.8,5581369.0,935
2009,13,0,21805,Harrison Frazar,166.2,6874790.0,1149
2009,13,0,27936,Martin Laird,166.2,5110352.0,854
2009,15,0,20848,Ángel Cabrera,166.3,3131583.0,523
2009,16,0,20850,Daniel Chopra,166.4,6803866.0,1136
2009,17,0,27120,Troy Matteson,166.7,7302300.0,1217
2009,18,0,21209,Sergio Garcia,167.0,3637121.0,605
2009,19,0,27214,Kevin Streelman,167.2,7211582.0,1198
2009,20,0,24140,Sean O'Hair,167.3,4848860.0,805
2009,20,0,23349,Charles Warren,167.3,4437981.0,737
2009,22,0,27683,Leif Olson,167.5,3498111.0,580
2009,22,0,26289,Boo Weekley,167.5,5463582.0,906
2009,24,0,1226,Fred Couples,167.8,3486303.0,577
2009,25,0,26851,Marc Leishman,167.9,6910387.0,1143
2009,25,0,24781,Hunter Mahan,167.9,6284465.0,1040
2009,27,0,20229,Stewart Cink,168.0,4934529.0,816
2009,28,0,1706,Davis Love III,168.3,6470310.0,1068
2009,29,0,28158,Steve Marino,168.4,7030970.0,1160
2009,30,0,23621,Rory Sabbatini,168.7,5586555.0,920
2009,31,0,1945,Kenny Perry,169.1,6180315.0,1015
2009,32,0,12782,Tim Herron,169.2,6771788.0,1112
2009,32,0,23320,Ryan Palmer,169.2,5822996.0,956
2009,32,0,23788,D.J. Trahan,169.2,6750393.0,1108
2009,35,0,20070,Matt Bettencourt,169.3,7222242.0,1185
2009,36,0,25818,Scott Piercy,169.4,6329666.0,1038
2009,37,0,21959,Ted Purdy,169.5,7476031.0,1225
2009,38,0,22046,Geoff Ogilvy,169.6,4896589.0,802
2009,39,0,28780,Nicholas Thompson,169.8,7279233.0,1191
2009,40,0,24502,Adam Scott,169.9,3517028.0,575
2009,41,0,24846,Ricky Barnes,170.0,4315169.0,705
2009,42,0,25900,Lucas Glover,170.4,6706627.0,1093
2009,42,0,22913,John Rollins,170.4,6636569.0,1082
2009,44,0,1724,Jeff Maggert,170.5,6187566.0,1008
2009,45,0,28089,Jason Day,171.0,4260553.0,692
2009,45,0,28475,Jeff Overton,171.0,6375851.0,1036
2009,47,0,23548,Bill Lunde,171.1,6351594.0,1031
2009,48,0,24924,Bill Haas,171.2,6983840.0,1133
2009,48,0,26695,Michael Letzig,171.2,7292690.0,1183
2009,48,0,23623,Bo Van Pelt,171.2,6953025.0,1128
2009,51,0,20691,Greg Owen,171.3,6985644.0,1133
2009,52,0,26300,Matt Jones,171.4,3799912.0,616
2009,53,0,1707,Steve Lowery,171.5,6552314.0,1061
2009,53,0,27770,Camilo Villegas,171.5,4803157.0,778
2009,55,0,28118,Peter Tomasulo,171.7,3876305.0,627
2009,56,0,24925,Jonathan Byrd,171.8,6748806.0,1091
2009,57,0,28087,Kris Blanks,171.9,3998392.0,646
2009,58,0,26596,Ryan Moore,172.1,6375313.0,1029
2009,59,0,22892,Jason Gore,172.3,5310099.0,856
2009,59,0,27933,John Merrick,172.3,5787777.0,933
2009,61,0,21961,Charles Howell III,172.7,7067405.0,1137
2009,62,0,23353,J.J. Henry,172.8,7217839.0,1160
2009,63,0,26679,Kevin Stadler,172.9,4611904.0,741
2009,64,0,24490,George McNeill,173.0,6465710.0,1038
2009,65,0,12510,Chad Campbell,173.1,6055724.0,972
2009,65,0,24912,Will MacKenzie,173.1,5272852.0,846
2009,67,0,6522,Ernie Els,173.2,4695927.0,753
2009,68,0,21949,Joe Ogilvie,173.3,6521211.0,1045
2009,69,0,25345,Carl Pettersson,173.4,6360783.0,1019
2009,70,0,20574,Mathew Goggin,173.5,5145950.0,824
2009,71,0,8793,Tiger Woods,173.8,4178405.0,668
2009,72,0,26301,James Nitties,174.0,6571048.0,1049
2009,73,0,1035,Tommy Armour III,174.1,4469747.0,713
2009,74,0,25919,Brian Vranesh,174.2,3718670.0,593
2009,75,0,22371,Aaron Baddeley,174.3,4989686.0,795
2009,75,0,20645,John Senden,174.3,7961306.0,1269
2009,75,0,27963,Chris Stroud,174.3,6524490.0,1040
2009,78,0,26498,Matt Weibring,174.5,4755145.0,757
2009,79,0,22293,Heath Slocum,174.8,7345400.0,1167
2009,80,0,24663,Y.E. Yang,175.0,6092219.0,967
2009,81,0,23614,Rich Beem,175.1,4991512.0,792
2009,81,0,26881,Jarrod Lyle,175.1,4355988.0,691
2009,83,0,26497,Casey Wittenberg,175.2,4659798.0,739
2009,84,0,20157,Retief Goosen,175.3,4896631.0,776
2009,84,0,26951,Johnson Wagner,175.3,6394464.0,1013
2009,86,0,23638,Brendon de Jonge,175.4,6840320.0,1083
2009,86,0,2214,Kirk Triplett,175.4,4741650.0,751
2009,88,0,23778,Brad Adamonis,175.5,5256738.0,832
2009,88,0,6197,Michael Allen,175.5,5053109.0,800
2009,88,0,10885,Robert Allenby,175.5,4927417.0,780
2009,88,0,7223,Brian Bateman,175.5,4120359.0,652
2009,92,0,6004,Stephen Ames,175.6,4986623.0,789
2009,93,0,23325,Vaughn Taylor,175.7,6854857.0,1084
2009,94,0,31416,Derek Fathauer,175.8,4431416.0,700
2009,94,0,20572,Rod Pampling,175.8,5594503.0,884
2009,94,0,22405,Justin Rose,175.8,4993619.0,789
2009,97,0,2206,David Toms,176.0,7026568.0,1109
2009,98,0,7749,Brett Quigley,176.1,6522794.0,1029
2009,98,0,6595,Kevin Sutherland,176.1,6384995.0,1007
2009,100,0,24361,Pat Perez,176.2,5384617.0,849
2009,101,0,10860,Justin Leonard,176.3,6614566.0,1042
2009,102,0,20098,Stuart Appleby,176.4,5633788.0,887
2009,102,0,29221,Webb Simpson,176.4,7574065.0,1193
2009,102,0,25632,Jimmy Walker,176.4,5525122.0,870
2009,105,0,1161,Mark Calcavecchia,176.8,5423393.0,852
2009,106,0,21753,Brian Davis,176.9,8016137.0,1259
2009,106,0,21731,Freddie Jacobson,176.9,6432138.0,1010
2009,108,0,24024,Zach Johnson,177.0,7023574.0,1102
2009,109,0,20766,Padraig Harrington,177.2,4184428.0,656
2009,109,0,10425,Jay Williamson,177.2,5008415.0,785
2009,111,0,20593,Greg Chalmers,177.3,6247052.0,979
2009,112,0,1473,Todd Hamilton,177.4,5665858.0,887
2009,112,0,1797,Rocco Mediate,177.4,5849689.0,916
2009,114,0,12652,Cameron Beckman,177.5,6599350.0,1033
2009,114,0,6621,Joe Durant,177.5,4121992.0,645
2009,114,0,9011,David Duval,177.5,3743706.0,586
2009,117,0,23800,Bryce Molder,177.8,4780306.0,747
2009,118,0,25686,Jason Dufner,177.9,6853035.0,1070
2009,118,0,1948,Tim Petrovic,177.9,7628267.0,1191
2009,120,0,10117,Bob Heintz,178.0,4497528.0,702
2009,121,0,1766,Billy Mayfair,178.1,6065651.0,946
2009,122,0,21878,Mark Wilson,178.2,7811812.0,1218
2009,123,0,2239,Scott Verplank,178.4,7033125.0,1095
2009,124,0,23541,Ben Crane,178.6,7122636.0,1108
2009,124,0,24138,Ian Poulter,178.6,3742456.0,582
2009,126,0,23135,Tim Clark,178.7,5268009.0,819
2009,126,0,22295,Darron Stiles,178.7,3750941.0,583
2009,128,0,8845,Scott Sterling,178.8,3527143.0,548
2009,129,0,8075,Jerry Kelly,179.0,6849111.0,1063
2009,130,0,24507,Jason Bohn,179.1,7326048.0,1136
2009,130,0,26476,Chez Reavie,179.1,6299104.0,977
2009,130,0,22548,Patrick Sheehan,179.1,3481633.0,540
2009,133,0,20498,Briny Baird,179.2,6400293.0,992
2009,133,0,23108,Matt Kuchar,179.2,6335875.0,982
2009,133,0,10585,Scott McCarron,179.2,7225312.0,1120
2009,133,0,20160,Charlie Wi,179.2,6959987.0,1079
2009,137,0,7457,Steve Flesch,179.3,5584461.0,865
2009,137,0,1577,Lee Janzen,179.3,5382252.0,834
2009,139,0,7867,Woody Austin,179.4,6773593.0,1049
2009,140,0,1313,Steve Elkington,179.5,5499579.0,851
2009,140,0,12705,Cliff Kresge,179.5,5969772.0,924
2009,142,0,20104,Ken Duke,179.6,6350797.0,982
2009,143,0,6251,Chris DiMarco,179.7,7723079.0,1194
2009,144,0,6527,Steve Stricker,179.8,5528792.0,854
2009,145,0,30711,Colt Knost,179.9,4993338.0,771
2009,145,0,25240,D.A. Points,179.9,7708871.0,1190
2009,147,0,23718,Nathan Green,180.3,8236482.0,1269
2009,148,0,6012,Greg Kraft,180.4,3689416.0,568
2009,149,0,21350,Ryuji Imada,180.5,6187595.0,952
2009,150,0,20472,Alex Cejka,180.6,6325646.0,973
2009,151,0,10423,Mike Weir,180.8,6035150.0,927
2009,152,0,22961,David Mathis,181.0,6156358.0,945
2009,153,0,24357,K.J. Choi,181.1,4523423.0,694
2009,153,0,27649,Brandt Snedeker,181.1,5895189.0,904
2009,155,0,6643,Paul Goydos,181.2,5896857.0,904
2009,156,0,23048,Eric Axley,181.3,5161956.0,791
2009,156,0,1320,Bob Estes,181.3,6202139.0,950
2009,158,0,10733,Kent Jones,181.4,5519080.0,845
2009,158,0,20634,Peter Lonard,181.4,6927654.0,1061
2009,158,0,6539,Rick Price,181.4,3676238.0,563
2009,161,0,27466,Spencer Levin,181.6,6020395.0,921
2009,162,0,28620,Aron Price,181.7,6901718.0,1055
2009,163,0,25396,Kevin Na,181.8,7009228.0,1071
2009,164,0,27060,John Mallinger,182.0,6415213.0,979
2009,165,0,10809,Jim Furyk,182.2,5909166.0,901
2009,165,0,26668,Marc Turnesa,182.2,6435616.0,981
2009,167,0,24503,Jeff Klauk,182.6,7966549.0,1212
2009,168,0,22621,Ben Curtis,182.7,4315351.0,656
2009,169,0,1941,Tom Pernice Jr.,182.8,6763390.0,1028
2009,170,0,8931,Glen Day,182.9,5805952.0,882
2009,171,0,24449,Parker McLachlin,183.0,6036245.0,916
2009,172,0,22348,Nick O'Hern,183.3,7755376.0,1175
2009,173,0,1677,Tom Lehman,185.0,3216693.0,483
2009,174,0,20127,Chris Riley,185.4,6187038.0,927
2009,175,0,1132,Mark Brooks,185.5,3692754.0,553
2009,176,0,25190,Jeff Quinney,185.6,6561492.0,982
2009,177,0,30927,Brendon Todd,185.8,4293178.0,642
2009,178,0,23983,Luke Donald,186.1,5662561.0,845
2009,179,0,1142,Bart Bryant,186.2,4806271.0,717
2009,180,0,26420,Richard Johnson,186.5,6882418.0,1025
2009,181,0,19846,Brian Gay,186.8,7692411.0,1144
2009,182,0,12602,Dean Wilson,187.7,6467222.0,957
2009,183,0,1329,Brad Faxon,188.5,4837372.0,713
2009,184,0,1928,Corey Pavin,196.0,5257676.0,745
2008,1,0,27141,J.B. Holmes,157.8,5412920.0,953
2008,2,0,30925,Dustin Johnson,159.1,6277644.0,1096
2008,3,0,24358,Robert Garrigus,162.2,6828010.0,1169
2008,4,0,25804,Bubba Watson,162.5,6424087.0,1098
2008,5,0,6567,Vijay Singh,163.3,5155177.0,877
2008,6,0,21633,Steve Allan,164.1,3882416.0,657
2008,7,0,30750,Tommy Gainey,164.7,3742388.0,631
2008,8,0,27095,Nick Watney,165.3,6873999.0,1155
2008,9,0,12716,Charley Hoffman,165.4,7067889.0,1187
2008,10,0,21805,Harrison Frazar,165.6,5050581.0,847
2008,11,0,23540,Jason Allred,166.3,4089373.0,683
2008,12,0,29718,Anthony Kim,166.7,5394412.0,899
2008,13,0,20850,Daniel Chopra,167.0,5687671.0,946
2008,14,0,25562,Andres Romero,167.4,4079817.0,677
2008,15,0,20848,Ángel Cabrera,167.9,3263103.0,540
2008,15,0,24502,Adam Scott,167.9,2925992.0,484
2008,17,0,23157,Richard Johnson,168.1,5580781.0,922
2008,18,0,23497,Tag Ridings,168.2,6673805.0,1102
2008,19,0,1706,Davis Love III,168.5,5447333.0,898
2008,20,0,23349,Charles Warren,168.7,6211366.0,1023
2008,21,0,24924,Bill Haas,169.5,7554398.0,1238
2008,22,0,28089,Jason Day,169.6,6471726.0,1060
2008,23,0,27936,Martin Laird,169.7,7148012.0,1170
2008,23,0,1810,Phil Mickelson,169.7,4986407.0,816
2008,25,0,27214,Kevin Streelman,169.8,8211740.0,1343
2008,26,0,25594,Travis Perkins,170.0,3293349.0,538
2008,27,0,23621,Rory Sabbatini,170.1,5383235.0,879
2008,28,0,1226,Fred Couples,170.3,4273950.0,697
2008,29,0,25900,Lucas Glover,170.4,7028406.0,1146
2008,29,0,24140,Sean O'Hair,170.4,5759528.0,939
2008,31,0,12782,Tim Herron,170.5,7353864.0,1198
2008,31,0,28475,Jeff Overton,170.5,7684997.0,1252
2008,33,0,1945,Kenny Perry,170.7,7817498.0,1272
2008,33,0,28780,Nicholas Thompson,170.7,8104228.0,1319
2008,35,0,1553,John Huston,170.8,4124983.0,671
2008,35,0,20663,Brenden Pappas,170.8,4709197.0,766
2008,37,0,26289,Boo Weekley,171.0,5478422.0,890
2008,38,0,6573,Brandt Jobe,171.2,3949687.0,641
2008,39,0,21949,Joe Ogilvie,171.3,7439124.0,1206
2008,40,0,24361,Pat Perez,171.4,6720646.0,1089
2008,41,0,26695,Michael Letzig,171.5,6317189.0,1023
2008,41,0,23788,D.J. Trahan,171.5,6598570.0,1069
2008,43,0,20378,Mathias Grönberg,171.7,6687336.0,1082
2008,43,0,23623,Bo Van Pelt,171.7,7918153.0,1281
2008,45,0,24490,George McNeill,172.0,7678514.0,1240
2008,46,0,28158,Steve Marino,172.1,8885201.0,1434
2008,47,0,20574,Mathew Goggin,172.2,7011377.0,1131
2008,48,0,23320,Ryan Palmer,172.3,5123503.0,826
2008,49,0,21209,Sergio Garcia,172.4,4811199.0,775
2008,49,0,22892,Jason Gore,172.4,7281935.0,1173
2008,49,0,20433,Mark Hensby,172.4,5388213.0,868
2008,49,0,2002,John Riegger,172.4,5506036.0,887
2008,53,0,21959,Ted Purdy,172.6,5020108.0,808
2008,54,0,27120,Troy Matteson,172.8,7590265.0,1220
2008,54,0,12309,Bob Sowards,172.8,4442591.0,714
2008,56,0,20229,Stewart Cink,173.0,5461814.0,877
2008,56,0,23409,James Driscoll,173.0,6501432.0,1044
2008,56,0,25842,Jon Mills,173.0,6658194.0,1069
2008,59,0,1707,Steve Lowery,173.1,5789492.0,929
2008,60,0,26679,Kevin Stadler,173.2,6278686.0,1007
2008,61,0,21961,Charles Howell III,173.3,7478535.0,1199
2008,62,0,27561,Nick Flanagan,173.4,6854207.0,1098
2008,62,0,27770,Camilo Villegas,173.4,5438579.0,871
2008,64,0,26300,Matt Jones,173.6,7238548.0,1158
2008,65,0,23778,Brad Adamonis,173.9,6524133.0,1042
2008,65,0,27933,John Merrick,173.9,6662646.0,1064
2008,65,0,2206,David Toms,173.9,4856774.0,776
2008,68,0,10875,Todd Demsey,174.3,6149645.0,980
2008,68,0,25632,Jimmy Walker,174.3,5307515.0,846
2008,70,0,1035,Tommy Armour III,174.5,5685247.0,905
2008,71,0,24781,Hunter Mahan,174.6,6293673.0,1001
2008,72,0,20766,Padraig Harrington,174.7,2773574.0,441
2008,73,0,12510,Chad Campbell,175.2,7434702.0,1179
2008,73,0,22582,Kyle Thompson,175.2,4905997.0,778
2008,75,0,25364,Paul Casey,175.3,3129954.0,496
2008,75,0,6522,Ernie Els,175.3,3135596.0,497
2008,77,0,1161,Mark Calcavecchia,175.7,4732127.0,748
2008,77,0,23353,J.J. Henry,175.7,8677046.0,1372
2008,77,0,6595,Kevin Sutherland,175.7,7698986.0,1217
2008,80,0,7867,Woody Austin,175.8,7783752.0,1230
2008,81,0,22046,Geoff Ogilvy,176.1,4292203.0,677
2008,81,0,20160,Charlie Wi,176.1,7691132.0,1213
2008,83,0,22621,Ben Curtis,176.3,5554450.0,875
2008,84,0,23125,Brad Elder,176.4,4730993.0,745
2008,84,0,23325,Vaughn Taylor,176.4,8229128.0,1296
2008,86,0,22371,Aaron Baddeley,176.5,5274079.0,830
2008,87,0,20572,Rod Pampling,176.6,5996371.0,943
2008,87,0,21878,Mark Wilson,176.6,9128498.0,1436
2008,89,0,26596,Ryan Moore,176.7,5577873.0,877
2008,89,0,22913,John Rollins,176.7,6978961.0,1097
2008,89,0,27963,Chris Stroud,176.7,5801895.0,912
2008,92,0,11032,Frank Lickliter II,176.8,8760064.0,1376
2008,92,0,1724,Jeff Maggert,176.8,6929511.0,1089
2008,92,0,20645,John Senden,176.8,7216234.0,1134
2008,92,0,10423,Mike Weir,176.8,5885875.0,925
2008,96,0,19803,Ryan Armour,177.0,6652347.0,1044
2008,96,0,23541,Ben Crane,177.0,6627041.0,1040
2008,96,0,26631,Cody Freeman,177.0,4856660.0,762
2008,99,0,20098,Stuart Appleby,177.1,5884036.0,923
2008,100,0,24925,Jonathan Byrd,177.2,6805478.0,1067
2008,101,0,23614,Rich Beem,177.3,6988569.0,1095
2008,102,0,6621,Joe Durant,177.4,6984905.0,1094
2008,102,0,20634,Peter Lonard,177.4,7082846.0,1109
2008,104,0,24912,Will MacKenzie,177.6,5031795.0,787
2008,104,0,24449,Parker McLachlin,177.6,6975901.0,1091
2008,106,0,24357,K.J. Choi,177.7,5066466.0,792
2008,107,0,27613,David Lutterus,177.9,4386163.0,685
2008,107,0,24663,Y.E. Yang,177.9,7051336.0,1101
2008,109,0,20105,Jeff Gove,178.0,3921549.0,612
2008,110,0,20104,Ken Duke,178.1,9282141.0,1448
2008,111,0,10860,Justin Leonard,178.2,6536827.0,1019
2008,112,0,1766,Billy Mayfair,178.3,8473405.0,1320
2008,113,0,6004,Stephen Ames,178.4,5894571.0,918
2008,114,0,12660,Jesper Parnevik,178.5,6658189.0,1036
2008,115,0,8537,J.P. Hayes,178.7,5577521.0,867
2008,116,0,24138,Ian Poulter,178.9,3220004.0,500
2008,117,0,1024,Billy Andrade,179.0,5458100.0,847
2008,117,0,23048,Eric Axley,179.0,8656355.0,1343
2008,119,0,10585,Scott McCarron,179.1,4802167.0,745
2008,120,0,1473,Todd Hamilton,179.2,6599858.0,1023
2008,120,0,25345,Carl Pettersson,179.2,8618692.0,1336
2008,122,0,23797,Brett Rumford,179.3,5325068.0,825
2008,122,0,27649,Brandt Snedeker,179.3,5996994.0,929
2008,124,0,7749,Brett Quigley,179.4,6484291.0,1004
2008,125,0,26500,Alejandro Cañizares,179.5,3631828.0,562
2008,125,0,23135,Tim Clark,179.5,6534671.0,1011
2008,125,0,22548,Patrick Sheehan,179.5,9306865.0,1440
2008,128,0,10885,Robert Allenby,179.6,7722054.0,1194
2008,129,0,1948,Tim Petrovic,179.7,7233735.0,1118
2008,129,0,6527,Steve Stricker,179.7,5195218.0,803
2008,131,0,2239,Scott Verplank,179.8,5876782.0,908
2008,131,0,10425,Jay Williamson,179.8,7196510.0,1112
2008,133,0,21731,Freddie Jacobson,180.0,5754529.0,888
2008,133,0,1677,Tom Lehman,180.0,3421241.0,528
2008,135,0,1313,Steve Elkington,180.1,6572855.0,1014
2008,135,0,2223,Bob Tway,180.1,5109322.0,788
2008,137,0,21461,Kenneth Ferrie,180.2,5370147.0,828
2008,138,0,20157,Retief Goosen,180.3,3731848.0,575
2008,139,0,20498,Briny Baird,180.4,8630063.0,1329
2008,139,0,1941,Tom Pernice Jr.,180.4,8755023.0,1348
2008,139,0,10649,Tom Scherrer,180.4,3928390.0,605
2008,142,0,22378,Trevor Immelman,180.5,4820671.0,742
2008,143,0,7457,Steve Flesch,180.6,7280872.0,1120
2008,144,0,25396,Kevin Na,180.7,8163148.0,1255
2008,144,0,26951,Johnson Wagner,180.7,6089983.0,936
2008,146,0,6034,Marco Dawson,180.8,4802516.0,738
2008,147,0,6197,Michael Allen,180.9,7052574.0,1083
2008,147,0,12823,Carlos Franco,180.9,5632357.0,865
2008,147,0,10733,Kent Jones,180.9,4943918.0,759
2008,150,0,24227,Justin Bolli,181.0,6569787.0,1008
2008,150,0,23718,Nathan Green,181.0,8126835.0,1247
2008,152,0,22293,Heath Slocum,181.2,7783921.0,1193
2008,153,0,10809,Jim Furyk,181.3,6867598.0,1052
2008,153,0,6090,Jim McGovern,181.3,5607890.0,859
2008,155,0,12705,Cliff Kresge,181.4,6518551.0,998
2008,155,0,22806,Doug LaBelle II,181.4,4624173.0,708
2008,155,0,27060,John Mallinger,181.4,7582352.0,1161
2008,155,0,1797,Rocco Mediate,181.4,6244519.0,956
2008,155,0,8845,Scott Sterling,181.4,6693357.0,1025
2008,160,0,1388,Robert Gamez,181.5,6390826.0,978
2008,161,0,12652,Cameron Beckman,181.9,6693535.0,1022
2008,161,0,26420,Richard Johnson,181.9,4425928.0,676
2008,163,0,21753,Brian Davis,182.0,9306322.0,1420
2008,164,0,26668,Marc Turnesa,182.1,6862825.0,1047
2008,165,0,9011,David Duval,182.3,3616643.0,551
2008,165,0,24024,Zach Johnson,182.3,6541622.0,997
2008,167,0,26476,Chez Reavie,182.5,8153693.0,1241
2008,168,0,8931,Glen Day,182.7,5097213.0,775
2008,169,0,20472,Alex Cejka,182.8,5442662.0,827
2008,169,0,6012,Greg Kraft,182.8,4567668.0,694
2008,171,0,6251,Chris DiMarco,182.9,6914016.0,1050
2008,172,0,1320,Bob Estes,183.1,7835773.0,1189
2008,173,0,25349,Tim Wilkinson,183.3,7318171.0,1109
2008,174,0,6575,Dudley Hart,183.4,6114032.0,926
2008,175,0,23108,Matt Kuchar,183.6,6425614.0,972
2008,176,0,1577,Lee Janzen,184.0,6821678.0,1030
2008,177,0,10505,Shane Bertsch,184.1,8238426.0,1243
2008,178,0,8075,Jerry Kelly,184.2,6785056.0,1023
2008,179,0,6643,Paul Goydos,184.4,6201468.0,934
2008,180,0,25720,Chad Collins,184.6,5721449.0,861
2008,181,0,1142,Bart Bryant,184.7,6196115.0,932
2008,182,0,12602,Dean Wilson,184.8,8482632.0,1275
2008,183,0,20127,Chris Riley,185.1,3678217.0,552
2008,184,0,8385,Omar Uresti,185.3,5836201.0,875
2008,185,0,19913,Ron Whittaker,185.9,3793952.0,567
2008,186,0,21350,Ryuji Imada,186.2,6314784.0,942
2008,187,0,7547,Craig Kanada,186.7,5100263.0,759
2008,188,0,12826,Paul Claxton,186.8,4659310.0,693
2008,189,0,1139,Olin Browne,187.3,6521020.0,967
2008,190,0,22348,Nick O'Hern,188.1,6697847.0,989
2008,191,0,20443,Jin Park,188.5,6509451.0,959
2008,192,0,19846,Brian Gay,189.0,8117647.0,1193
2008,193,0,25190,Jeff Quinney,189.6,6858781.0,1005
2008,194,0,12680,Shigeki Maruyama,189.7,3941081.0,577
2008,195,0,20382,Stephen Leaney,190.1,4257127.0,622
2008,196,0,20623,Gavin Coles,191.5,4198293.0,609
2008,197,0,1928,Corey Pavin,197.5,5496841.0,773
2007,1,0,27141,J.B. Holmes,153.4,4827304.0,874
2007,2,0,1249,John Daly,153.5,3647232.0,660
2007,3,0,25804,Bubba Watson,157.7,5064216.0,892
2007,4,0,24358,Robert Garrigus,159.5,6780683.0,1181
2007,5,0,23322,Brett Wetterich,161.7,5622652.0,966
2007,6,0,28475,Jeff Overton,162.9,4397672.0,750
2007,7,0,21805,Harrison Frazar,164.4,5953419.0,1006
2007,8,0,22046,Geoff Ogilvy,165.3,5319203.0,894
2007,9,0,23497,Tag Ridings,165.8,3659645.0,613
2007,10,0,11123,Chris Couch,166.0,6005279.0,1005
2007,11,0,24980,Scott Gutschewski,166.1,4764480.0,797
2007,12,0,26360,Bubba Dickerson,166.2,3524382.0,589
2007,12,0,1810,Phil Mickelson,166.2,4276984.0,715
2007,14,0,1706,Davis Love III,166.5,4416412.0,737
2007,14,0,27095,Nick Watney,166.5,5755316.0,960
2007,16,0,29718,Anthony Kim,166.6,6616177.0,1103
2007,16,0,26289,Boo Weekley,166.6,6501720.0,1084
2007,18,0,22892,Jason Gore,166.8,6465924.0,1077
2007,18,0,24502,Adam Scott,166.8,4509703.0,751
2007,18,0,21528,Henrik Stenson,166.8,2972094.0,495
2007,21,0,23349,Charles Warren,166.9,7691760.0,1280
2007,22,0,6567,Vijay Singh,167.0,6854162.0,1140
2007,23,0,6522,Ernie Els,167.2,3671866.0,610
2007,24,0,24924,Bill Haas,167.6,6835889.0,1133
2007,25,0,20691,Greg Owen,167.8,5870458.0,972
2007,25,0,23788,D.J. Trahan,167.8,7502461.0,1242
2007,27,0,20378,Mathias Grönberg,167.9,7357581.0,1217
2007,28,0,27702,Matt Hendrix,168.1,4570179.0,755
2007,29,0,25273,Andrew Buckle,168.2,5605589.0,926
2007,29,0,12716,Charley Hoffman,168.2,6896400.0,1139
2007,31,0,1945,Kenny Perry,168.6,6264277.0,1032
2007,32,0,24361,Pat Perez,168.9,5394348.0,887
2007,33,0,21961,Charles Howell III,169.1,5490056.0,902
2007,34,0,21633,Steve Allan,169.2,4609780.0,757
2007,35,0,20766,Padraig Harrington,169.3,3875941.0,636
2007,36,0,10885,Robert Allenby,169.4,6358912.0,1043
2007,36,0,20572,Rod Pampling,169.4,6282439.0,1030
2007,36,0,23623,Bo Van Pelt,169.4,8163371.0,1339
2007,39,0,20574,Mathew Goggin,169.5,7334415.0,1202
2007,40,0,22913,John Rollins,169.7,7140283.0,1169
2007,41,0,27120,Troy Matteson,169.9,6414581.0,1049
2007,41,0,26679,Kevin Stadler,169.9,6586463.0,1077
2007,41,0,8793,Tiger Woods,169.9,3664751.0,599
2007,44,0,28158,Steve Marino,170.0,7706834.0,1259
2007,45,0,23353,J.J. Henry,170.1,5787501.0,945
2007,46,0,20850,Daniel Chopra,170.4,7997350.0,1304
2007,47,0,1161,Mark Calcavecchia,170.5,6168742.0,1005
2007,47,0,24781,Hunter Mahan,170.5,6136446.0,1000
2007,47,0,10423,Mike Weir,170.5,5101341.0,831
2007,50,0,20229,Stewart Cink,170.7,6066563.0,987
2007,50,0,20157,Retief Goosen,170.7,2911989.0,474
2007,50,0,27770,Camilo Villegas,170.7,5855984.0,953
2007,53,0,23638,Brendon de Jonge,170.8,5590682.0,909
2007,53,0,24140,Sean O'Hair,170.8,7091634.0,1153
2007,55,0,12782,Tim Herron,171.0,6939719.0,1127
2007,56,0,27933,John Merrick,171.2,6907050.0,1121
2007,56,0,25345,Carl Pettersson,171.2,7852288.0,1274
2007,58,0,8537,J.P. Hayes,171.3,6796415.0,1102
2007,59,0,26881,Jarrod Lyle,171.5,5710998.0,925
2007,60,0,22371,Aaron Baddeley,171.6,5684694.0,920
2007,60,0,25900,Lucas Glover,171.6,6664732.0,1079
2007,60,0,21949,Joe Ogilvie,171.6,7345301.0,1189
2007,63,0,20634,Peter Lonard,171.7,6485728.0,1049
2007,63,0,21959,Ted Purdy,171.7,7467403.0,1208
2007,63,0,23621,Rory Sabbatini,171.7,5408576.0,875
2007,63,0,10425,Jay Williamson,171.7,4152643.0,672
2007,67,0,23614,Rich Beem,171.9,5948521.0,961
2007,67,0,24912,Will MacKenzie,171.9,7809515.0,1262
2007,69,0,23320,Ryan Palmer,172.0,6961332.0,1124
2007,70,0,20098,Stuart Appleby,172.1,4955166.0,800
2007,71,0,24925,Jonathan Byrd,172.2,5245802.0,846
2007,72,0,21660,Jason Schultz,172.3,4497849.0,725
2007,72,0,26882,Michael Sim,172.3,4304529.0,694
2007,74,0,19824,Craig Barlow,172.7,3743307.0,602
2007,74,0,7223,Brian Bateman,172.7,3748215.0,603
2007,74,0,1707,Steve Lowery,172.7,5948292.0,957
2007,77,0,22405,Justin Rose,172.8,3371750.0,542
2007,78,0,24490,George McNeill,172.9,6870401.0,1104
2007,79,0,21209,Sergio Garcia,173.3,4709022.0,755
2007,80,0,8375,Paul Stankowski,173.4,3570550.0,572
2007,80,0,12714,Chris Tidland,173.4,4382585.0,702
2007,82,0,8123,Jeff Brehaut,173.8,4191221.0,670
2007,82,0,20472,Alex Cejka,173.8,6425175.0,1027
2007,84,0,6034,Marco Dawson,174.2,5555789.0,886
2007,84,0,6621,Joe Durant,174.2,6415908.0,1023
2007,84,0,2036,Jim Rutledge,174.2,3969872.0,633
2007,87,0,12510,Chad Campbell,174.5,6364825.0,1013
2007,87,0,23800,Bryce Molder,174.5,4171639.0,664
2007,87,0,28486,Michael Putnam,174.5,6914890.0,1101
2007,90,0,23048,Eric Axley,174.6,8113457.0,1291
2007,90,0,25686,Jason Dufner,174.6,7548452.0,1201
2007,92,0,20433,Mark Hensby,174.7,6202251.0,986
2007,92,0,11032,Frank Lickliter II,174.7,7401098.0,1177
2007,94,0,19803,Ryan Armour,174.8,8172902.0,1299
2007,94,0,29476,Kyle Reifers,174.8,5460718.0,868
2007,94,0,27963,Chris Stroud,174.8,4908724.0,780
2007,97,0,26596,Ryan Moore,174.9,6518254.0,1035
2007,97,0,7749,Brett Quigley,174.9,5497699.0,873
2007,99,0,20498,Briny Baird,175.0,9127121.0,1449
2007,99,0,20645,John Senden,175.0,7346548.0,1166
2007,101,0,25892,Steve Wheatcroft,175.2,5309763.0,842
2007,102,0,21470,Daisuke Maruyama,175.3,6656757.0,1055
2007,103,0,12652,Cameron Beckman,175.4,7413442.0,1174
2007,104,0,20105,Jeff Gove,175.6,8224373.0,1301
2007,104,0,21731,Freddie Jacobson,175.6,6012510.0,951
2007,104,0,25396,Kevin Na,175.6,6827842.0,1080
2007,104,0,12660,Jesper Parnevik,175.6,6542254.0,1035
2007,108,0,24357,K.J. Choi,175.7,5953272.0,941
2007,109,0,1035,Tommy Armour III,175.8,6070866.0,959
2007,109,0,1677,Tom Lehman,175.8,4259690.0,673
2007,111,0,21646,David Branshaw,175.9,6509927.0,1028
2007,111,0,8075,Jerry Kelly,175.9,6621970.0,1046
2007,111,0,20628,Arron Oberholser,175.9,4628693.0,731
2007,114,0,6595,Kevin Sutherland,176.0,6038807.0,953
2007,115,0,22378,Trevor Immelman,176.2,4757881.0,750
2007,116,0,22295,Darron Stiles,176.4,4655288.0,733
2007,117,0,6197,Michael Allen,176.5,5598295.0,881
2007,117,0,12195,Tom Johnson,176.5,5494980.0,865
2007,117,0,1724,Jeff Maggert,176.5,6869509.0,1081
2007,117,0,1948,Tim Petrovic,176.5,8315518.0,1309
2007,121,0,6004,Stephen Ames,176.8,5510914.0,866
2007,121,0,7867,Woody Austin,176.8,7394117.0,1162
2007,123,0,20104,Ken Duke,176.9,8399800.0,1319
2007,124,0,12705,Cliff Kresge,177.1,8741591.0,1371
2007,124,0,2206,David Toms,177.1,5578473.0,875
2007,126,0,23325,Vaughn Taylor,177.4,6334097.0,992
2007,127,0,7457,Steve Flesch,177.5,7942526.0,1243
2007,128,0,23613,Rich Barcelo,177.6,6119536.0,957
2007,129,0,2246,Duffy Waldorf,177.7,5244402.0,820
2007,130,0,1766,Billy Mayfair,177.8,7336252.0,1146
2007,131,0,10117,Bob Heintz,178.0,6319748.0,986
2007,132,0,26951,Johnson Wagner,178.1,7660530.0,1195
2007,132,0,21878,Mark Wilson,178.1,6464249.0,1008
2007,134,0,1024,Billy Andrade,178.2,6965168.0,1086
2007,134,0,24507,Jason Bohn,178.2,4682819.0,730
2007,134,0,24290,D.J. Brigman,178.2,4766966.0,743
2007,134,0,27649,Brandt Snedeker,178.2,7608989.0,1186
2007,138,0,22621,Ben Curtis,178.4,5765862.0,898
2007,138,0,1473,Todd Hamilton,178.4,5137958.0,800
2007,140,0,10860,Justin Leonard,178.6,7295900.0,1135
2007,141,0,21753,Brian Davis,178.8,7815998.0,1214
2007,142,0,24449,Parker McLachlin,178.9,6477244.0,1006
2007,143,0,22293,Heath Slocum,179.0,8293560.0,1287
2007,143,0,2223,Bob Tway,179.0,7821036.0,1214
2007,145,0,23983,Luke Donald,179.3,4505899.0,698
2007,146,0,10733,Kent Jones,179.4,7881390.0,1220
2007,147,0,1388,Robert Gamez,179.5,6797685.0,1052
2007,148,0,1313,Steve Elkington,179.6,6522915.0,1009
2007,148,0,21806,Paul Gow,179.6,5101371.0,789
2007,148,0,2239,Scott Verplank,179.6,5315280.0,822
2007,151,0,24024,Zach Johnson,179.7,5383758.0,832
2007,151,0,27060,John Mallinger,179.7,7757069.0,1199
2007,153,0,1941,Tom Pernice Jr.,179.8,7546064.0,1166
2007,153,0,24457,Jaco Van Zyl,179.8,3935111.0,608
2007,155,0,10809,Jim Furyk,180.0,5992335.0,925
2007,156,0,1142,Bart Bryant,180.2,6694684.0,1032
2007,156,0,8881,Tripp Isenhour,180.2,6565884.0,1012
2007,156,0,1577,Lee Janzen,180.2,4663585.0,719
2007,159,0,23718,Nathan Green,180.4,7808073.0,1202
2007,159,0,20160,Charlie Wi,180.4,7408607.0,1141
2007,161,0,8931,Glen Day,180.5,6697950.0,1031
2007,162,0,1132,Mark Brooks,180.6,3699406.0,569
2007,163,0,25190,Jeff Quinney,180.8,7751881.0,1191
2007,163,0,6527,Steve Stricker,180.8,5844057.0,898
2007,165,0,6515,Shaun Micheel,181.0,6315033.0,969
2007,165,0,22348,Nick O'Hern,181.0,4977162.0,764
2007,167,0,23135,Tim Clark,181.4,4774163.0,731
2007,167,0,6251,Chris DiMarco,181.4,5680230.0,870
2007,169,0,24138,Ian Poulter,181.7,3551429.0,543
2007,169,0,2101,Joey Sindelar,181.7,6004971.0,918
2007,171,0,2104,Jeff Sluman,181.9,3764543.0,575
2007,171,0,2214,Kirk Triplett,181.9,6149527.0,939
2007,173,0,10213,Dicky Pride,182.0,5471269.0,835
2007,174,0,12602,Dean Wilson,182.2,6802676.0,1037
2007,175,0,22212,Craig Lile,182.3,6306981.0,961
2007,176,0,12680,Shigeki Maruyama,182.5,7267694.0,1106
2007,177,0,1320,Bob Estes,182.7,7287439.0,1108
2007,178,0,1157,Tom Byrum,183.2,3745674.0,568
2007,179,0,21350,Ryuji Imada,183.3,8124844.0,1231
2007,179,0,23108,Matt Kuchar,183.3,6505571.0,986
2007,179,0,22806,Doug LaBelle II,183.3,8300506.0,1258
2007,182,0,1797,Rocco Mediate,183.4,6121147.0,927
2007,183,0,26420,Richard Johnson,183.9,7678191.0,1160
2007,184,0,7547,Craig Kanada,184.0,8632761.0,1303
2007,185,0,20859,Anders Hansen,184.3,3119195.0,470
2007,186,0,20127,Chris Riley,184.6,4663999.0,702
2007,187,0,6643,Paul Goydos,185.0,4321317.0,649
2007,188,0,6373,José María Olazábal,185.1,3385768.0,508
2007,189,0,19972,José Coceres,185.7,3917068.0,586
2007,190,0,23933,Michael Boyd,185.8,4830593.0,722
2007,191,0,1381,Fred Funk,185.9,4951119.0,740
2007,192,0,7363,Craig Bowden,186.2,6254407.0,933
2007,193,0,20382,Stephen Leaney,187.5,6884601.0,1020
2007,194,0,19846,Brian Gay,189.7,9207514.0,1348
2007,195,0,20623,Gavin Coles,192.1,7379532.0,1067
2007,196,0,1928,Corey Pavin,192.7,6807060.0,981
2006,1,0,27141,J.B. Holmes,153.0,4748810.0,862
2006,2,0,25804,Bubba Watson,153.7,5479583.0,990
2006,3,0,24358,Robert Garrigus,161.2,5850739.0,1008
2006,4,0,23322,Brett Wetterich,161.9,5850489.0,1004
2006,5,0,21805,Harrison Frazar,162.5,6012743.0,1028
2006,6,0,23616,Ryan Hietala,163.0,4060016.0,692
2006,7,0,28475,Jeff Overton,163.2,7056850.0,1201
2006,8,0,1249,John Daly,163.9,3309894.0,561
2006,9,0,23497,Tag Ridings,164.1,7165850.0,1213
2006,10,0,27770,Camilo Villegas,164.4,6670794.0,1127
2006,11,0,12716,Charley Hoffman,164.7,7233254.0,1220
2006,12,0,1945,Kenny Perry,165.0,4965804.0,836
2006,13,0,26360,Bubba Dickerson,165.5,7000708.0,1175
2006,14,0,11123,Chris Couch,165.7,5477019.0,918
2006,15,0,24980,Scott Gutschewski,165.8,3693942.0,619
2006,15,0,27943,Matt Hansen,165.8,4739568.0,794
2006,17,0,25936,Alex Aragon,165.9,4420232.0,740
2006,17,0,1226,Fred Couples,165.9,2651857.0,444
2006,17,0,1810,Phil Mickelson,165.9,3877199.0,649
2006,20,0,23349,Charles Warren,166.0,6697588.0,1121
2006,21,0,24502,Adam Scott,166.2,4243260.0,709
2006,22,0,6567,Vijay Singh,166.4,6949200.0,1160
2006,23,0,25900,Lucas Glover,166.7,7175476.0,1196
2006,24,0,20378,Mathias Grönberg,166.8,6568175.0,1094
2006,25,0,8835,Kris Cox,166.9,5930145.0,987
2006,25,0,2106,Chris Smith,166.9,4877895.0,812
2006,25,0,28780,Nicholas Thompson,166.9,6454691.0,1074
2006,28,0,22892,Jason Gore,167.9,5985568.0,990
2006,29,0,23409,James Driscoll,168.0,6279120.0,1038
2006,30,0,25842,Jon Mills,168.6,4509218.0,743
2006,31,0,20574,Mathew Goggin,168.7,4877532.0,803
2006,32,0,1706,Davis Love III,168.9,4809994.0,791
2006,33,0,20094,Jonathan Kaye,169.0,7235560.0,1189
2006,33,0,27120,Troy Matteson,169.0,7286977.0,1198
2006,33,0,7013,Wes Short Jr.,169.0,7134848.0,1173
2006,36,0,22046,Geoff Ogilvy,169.1,4377524.0,719
2006,37,0,24925,Jonathan Byrd,169.2,4483856.0,736
2006,37,0,23320,Ryan Palmer,169.2,6882829.0,1130
2006,37,0,8793,Tiger Woods,169.2,3137198.0,515
2006,40,0,23614,Rich Beem,169.3,5455855.0,895
2006,41,0,20850,Daniel Chopra,169.4,7511435.0,1232
2006,41,0,20157,Retief Goosen,169.4,3872235.0,635
2006,43,0,24912,Will MacKenzie,169.5,6339499.0,1039
2006,44,0,23623,Bo Van Pelt,169.6,7618103.0,1248
2006,45,0,22946,Henrik Bjornstad,169.7,7491558.0,1226
2006,46,0,25632,Jimmy Walker,170.2,4643175.0,758
2006,46,0,27095,Nick Watney,170.2,7253625.0,1184
2006,48,0,19824,Craig Barlow,170.3,4856315.0,792
2006,48,0,24781,Hunter Mahan,170.3,7523590.0,1227
2006,50,0,23048,Eric Axley,170.6,6626451.0,1079
2006,50,0,23307,Roger Tambellini,170.6,4484315.0,730
2006,52,0,7223,Brian Bateman,170.7,4971554.0,809
2006,53,0,22378,Trevor Immelman,170.8,6211800.0,1010
2006,54,0,20645,John Senden,170.9,6744623.0,1096
2006,55,0,24924,Bill Haas,171.2,7456141.0,1210
2006,56,0,9011,David Duval,171.4,4425041.0,717
2006,57,0,21209,Sergio Garcia,171.5,3346344.0,542
2006,57,0,12782,Tim Herron,171.5,5247097.0,850
2006,57,0,22405,Justin Rose,171.5,7292639.0,1181
2006,57,0,8375,Paul Stankowski,171.5,5308448.0,860
2006,61,0,21961,Charles Howell III,171.6,6775876.0,1097
2006,62,0,24140,Sean O'Hair,171.7,6476365.0,1048
2006,62,0,23621,Rory Sabbatini,171.7,5465472.0,884
2006,64,0,21949,Joe Ogilvie,171.8,6644167.0,1074
2006,65,0,6350,Bob May,171.9,4566038.0,738
2006,66,0,1553,John Huston,172.1,5519648.0,891
2006,67,0,24507,Jason Bohn,172.2,7596185.0,1225
2006,68,0,12823,Carlos Franco,172.5,6595210.0,1062
2006,69,0,10885,Robert Allenby,172.6,5151299.0,829
2006,69,0,12760,Danny Ellis,172.6,5132036.0,826
2006,69,0,20766,Padraig Harrington,172.6,3280892.0,528
2006,69,0,23353,J.J. Henry,172.6,6623807.0,1066
2006,69,0,21731,Freddie Jacobson,172.6,4629627.0,745
2006,74,0,20472,Alex Cejka,173.0,6825402.0,1096
2006,75,0,24361,Pat Perez,173.1,3583809.0,575
2006,75,0,22913,John Rollins,173.1,6519200.0,1046
2006,77,0,6573,Brandt Jobe,173.2,6009887.0,964
2006,78,0,20105,Jeff Gove,173.3,6986405.0,1120
2006,78,0,23788,D.J. Trahan,173.3,6551234.0,1050
2006,80,0,20628,Arron Oberholser,173.5,5385209.0,862
2006,81,0,6034,Marco Dawson,173.6,6575529.0,1052
2006,82,0,20229,Stewart Cink,173.7,6276426.0,1004
2006,82,0,6522,Ernie Els,173.7,4045347.0,647
2006,84,0,8537,J.P. Hayes,173.8,4293366.0,686
2006,85,0,20634,Peter Lonard,173.9,5722783.0,914
2006,86,0,20098,Stuart Appleby,174.0,5573644.0,890
2006,87,0,12510,Chad Campbell,174.1,5778208.0,922
2006,88,0,2206,David Toms,174.2,5435825.0,867
2006,89,0,20691,Greg Owen,174.3,5390025.0,859
2006,89,0,6595,Kevin Sutherland,174.3,7536815.0,1201
2006,91,0,20608,David Howell,174.4,2618102.0,417
2006,91,0,26596,Ryan Moore,174.4,5030187.0,801
2006,93,0,11032,Frank Lickliter II,174.5,7316728.0,1165
2006,93,0,1707,Steve Lowery,174.5,7216266.0,1149
2006,93,0,23325,Vaughn Taylor,174.5,6671363.0,1062
2006,96,0,12660,Jesper Parnevik,174.6,6340475.0,1009
2006,97,0,2223,Bob Tway,174.7,5767728.0,917
2006,98,0,6197,Michael Allen,174.8,6210196.0,987
2006,98,0,21407,Arjun Atwal,174.8,7058881.0,1122
2006,98,0,24357,K.J. Choi,174.8,6883938.0,1094
2006,98,0,21660,Jason Schultz,174.8,5607893.0,891
2006,98,0,22548,Patrick Sheehan,174.8,7521399.0,1195
2006,103,0,21753,Brian Davis,174.9,7077637.0,1124
2006,104,0,20572,Rod Pampling,175.1,5678484.0,901
2006,105,0,6621,Joe Durant,175.2,8414900.0,1334
2006,106,0,7749,Brett Quigley,175.4,8175059.0,1295
2006,107,0,25345,Carl Pettersson,175.5,6563051.0,1039
2006,107,0,21959,Ted Purdy,175.5,6944549.0,1099
2006,109,0,1666,Bernhard Langer,175.7,5136274.0,812
2006,109,0,10565,Ian Leggatt,175.7,6052461.0,957
2006,111,0,24024,Zach Johnson,175.8,6777566.0,1071
2006,112,0,10809,Jim Furyk,175.9,6035703.0,953
2006,113,0,25935,John Engler Jr.,176.0,5525238.0,872
2006,114,0,7867,Woody Austin,176.1,8113232.0,1280
2006,114,0,1042,Paul Azinger,176.1,6934860.0,1094
2006,114,0,20631,David McKenzie,176.1,6036491.0,952
2006,117,0,11011,Mike Sposa,176.2,5100535.0,804
2006,118,0,20593,Greg Chalmers,176.3,4894394.0,771
2006,118,0,1677,Tom Lehman,176.3,4132315.0,651
2006,118,0,22293,Heath Slocum,176.3,7398632.0,1166
2006,121,0,1761,Len Mattiace,176.4,4503517.0,709
2006,122,0,12645,Brent Geiberger,176.5,7864502.0,1238
2006,123,0,6575,Dudley Hart,176.6,6205793.0,976
2006,123,0,20812,Tjaart van der Walt,176.6,4576454.0,720
2006,125,0,1024,Billy Andrade,176.7,5190869.0,816
2006,126,0,7457,Steve Flesch,176.8,9044400.0,1421
2006,126,0,12680,Shigeki Maruyama,176.8,7015488.0,1102
2006,128,0,20498,Briny Baird,176.9,6139853.0,964
2006,128,0,23541,Ben Crane,176.9,5375733.0,844
2006,128,0,8385,Omar Uresti,176.9,4483604.0,704
2006,131,0,10860,Justin Leonard,177.0,5747778.0,902
2006,131,0,24138,Ian Poulter,177.0,3721214.0,584
2006,133,0,8123,Jeff Brehaut,177.2,7500846.0,1176
2006,133,0,1142,Bart Bryant,177.2,6310448.0,989
2006,135,0,1388,Robert Gamez,177.3,7258155.0,1137
2006,136,0,2246,Duffy Waldorf,177.4,7262582.0,1137
2006,137,0,10733,Kent Jones,177.5,7746552.0,1212
2006,138,0,6004,Stephen Ames,177.7,3907897.0,611
2006,138,0,1948,Tim Petrovic,177.7,7337230.0,1147
2006,140,0,21646,David Branshaw,177.8,7693466.0,1202
2006,140,0,1473,Todd Hamilton,177.8,4922619.0,769
2006,140,0,6527,Steve Stricker,177.8,4589951.0,717
2006,140,0,12755,Vance Veazey,177.8,4749193.0,742
2006,144,0,1161,Mark Calcavecchia,177.9,6982588.0,1090
2006,145,0,1724,Jeff Maggert,178.0,5992351.0,935
2006,145,0,6373,José María Olazábal,178.0,3446635.0,538
2006,147,0,1035,Tommy Armour III,178.1,4679270.0,730
2006,147,0,25240,D.A. Points,178.1,6251970.0,975
2006,147,0,2101,Joey Sindelar,178.1,6713161.0,1047
2006,150,0,1941,Tom Pernice Jr.,178.2,7680602.0,1197
2006,151,0,12662,Thomas Levet,178.3,4300693.0,670
2006,152,0,1766,Billy Mayfair,178.4,6850802.0,1067
2006,153,0,1320,Bob Estes,178.5,6617198.0,1030
2006,154,0,22371,Aaron Baddeley,178.6,6031202.0,938
2006,154,0,21470,Daisuke Maruyama,178.6,6222842.0,968
2006,156,0,19881,Robert Damron,178.7,7300932.0,1135
2006,156,0,1313,Steve Elkington,178.7,4085929.0,635
2006,158,0,12602,Dean Wilson,178.8,8240715.0,1280
2006,159,0,2214,Kirk Triplett,178.9,4360397.0,677
2006,160,0,21350,Ryuji Imada,179.0,7725816.0,1199
2006,161,0,10423,Mike Weir,179.3,5647347.0,875
2006,162,0,23673,Michael Connell,179.4,3745392.0,580
2006,163,0,6515,Shaun Micheel,179.6,6945409.0,1074
2006,163,0,20127,Chris Riley,179.6,6147579.0,951
2006,165,0,1685,J.L. Lewis,179.8,4505201.0,696
2006,166,0,1381,Fred Funk,180.0,7673635.0,1184
2006,167,0,21878,Mark Wilson,180.2,6447965.0,994
2006,168,0,23983,Luke Donald,180.4,3902457.0,601
2006,169,0,22621,Ben Curtis,180.5,6031721.0,928
2006,170,0,6251,Chris DiMarco,180.8,5505338.0,846
2006,171,0,1139,Olin Browne,180.9,7797361.0,1197
2006,171,0,23718,Nathan Green,180.9,8442002.0,1296
2006,173,0,2104,Jeff Sluman,181.1,7465543.0,1145
2006,174,0,1619,Skip Kendall,181.5,5352019.0,819
2006,175,0,26420,Richard Johnson,181.8,7682319.0,1174
2006,176,0,19913,Ron Whittaker,182.1,6429372.0,981
2006,177,0,1577,Lee Janzen,182.2,6093393.0,929
2006,178,0,20099,Doug Barron,182.5,6039029.0,919
2006,178,0,8075,Jerry Kelly,182.5,7639077.0,1163
2006,180,0,20548,Hidemichi Tanaka,182.8,5831332.0,886
2006,181,0,6012,Greg Kraft,182.9,6130422.0,931
2006,182,0,10505,Shane Bertsch,183.3,8168817.0,1238
2006,183,0,1599,Steve Jones,183.7,6348569.0,960
2006,184,0,1219,John Cook,183.8,4988762.0,754
2006,184,0,2239,Scott Verplank,183.8,6205705.0,938
2006,186,0,2110,Jerry Smith,184.0,7684710.0,1160
2006,187,0,19846,Brian Gay,184.7,9196229.0,1383
2006,187,0,6643,Paul Goydos,184.7,5817123.0,875
2006,189,0,1132,Mark Brooks,185.0,6818734.0,1024
2006,190,0,20121,Todd Fischer,185.2,8221282.0,1233
2006,191,0,23135,Tim Clark,185.4,5358098.0,803
2006,192,0,1329,Brad Faxon,186.4,6789408.0,1012
2006,193,0,20382,Stephen Leaney,186.6,7094151.0,1056
2006,193,0,1823,Larry Mize,186.6,3802692.0,566
2006,195,0,1887,Mark O'Meara,189.3,3346207.0,491
2006,196,0,1928,Corey Pavin,189.8,5396610.0,790
2005,1,0,23063,Scott Hend,155.1,4869599.0,872
2005,2,0,23322,Brett Wetterich,157.5,5223335.0,921
2005,3,0,8793,Tiger Woods,158.0,4340447.0,763
2005,4,0,1249,John Daly,158.5,4337181.0,760
2005,5,0,21209,Sergio Garcia,161.1,4232524.0,730
2005,6,0,6567,Vijay Singh,161.5,7042486.0,1211
2005,7,0,24980,Scott Gutschewski,162.6,5748742.0,982
2005,8,0,1945,Kenny Perry,162.8,4875768.0,832
2005,9,0,20663,Brenden Pappas,163.0,3867202.0,659
2005,10,0,23552,Hank Kuehne,163.1,5859764.0,998
2005,11,0,20378,Mathias Grönberg,163.6,4559320.0,774
2005,12,0,20396,Lee Westwood,164.8,2723122.0,459
2005,13,0,6599,John Elliott,164.9,4143897.0,698
2005,14,0,23725,Brendan Jones,165.1,5895882.0,992
2005,15,0,25900,Lucas Glover,165.8,6435418.0,1078
2005,16,0,21805,Harrison Frazar,165.9,7640940.0,1279
2005,17,0,1810,Phil Mickelson,166.0,4100720.0,686
2005,18,0,20098,Stuart Appleby,166.1,5227139.0,874
2005,18,0,20572,Rod Pampling,166.1,5739526.0,960
2005,20,0,26679,Kevin Stadler,166.6,6727915.0,1122
2005,21,0,2106,Chris Smith,166.7,6972861.0,1162
2005,22,0,1706,Davis Love III,166.9,4650118.0,774
2005,22,0,23497,Tag Ridings,166.9,6831297.0,1137
2005,24,0,23349,Charles Warren,167.0,6660648.0,1108
2005,25,0,23320,Ryan Palmer,167.1,6636454.0,1103
2005,26,0,24925,Jonathan Byrd,167.7,7719972.0,1279
2005,27,0,24912,Will MacKenzie,167.9,5608211.0,928
2005,28,0,22913,John Rollins,168.0,6869430.0,1136
2005,28,0,23788,D.J. Trahan,168.0,5874206.0,971
2005,30,0,23540,Jason Allred,168.5,5173913.0,853
2005,31,0,24502,Adam Scott,168.6,4387923.0,723
2005,32,0,23621,Rory Sabbatini,168.7,5011010.0,825
2005,33,0,20433,Mark Hensby,168.8,4143399.0,682
2005,34,0,20157,Retief Goosen,168.9,3617238.0,595
2005,35,0,27095,Nick Watney,169.0,6621309.0,1088
2005,36,0,24781,Hunter Mahan,169.2,7803113.0,1281
2005,37,0,21633,Steve Allan,169.3,7333547.0,1203
2005,38,0,26758,David Hearn,169.4,5146243.0,844
2005,39,0,20850,Daniel Chopra,169.5,7749861.0,1270
2005,39,0,6573,Brandt Jobe,169.5,6865102.0,1125
2005,41,0,24140,Sean O'Hair,169.8,7194565.0,1177
2005,42,0,1226,Fred Couples,169.9,3662979.0,599
2005,43,0,20502,Michael Long,170.0,5367788.0,877
2005,44,0,24024,Zach Johnson,170.3,7064501.0,1152
2005,44,0,21959,Ted Purdy,170.3,8484634.0,1384
2005,46,0,1553,John Huston,170.6,6683790.0,1088
2005,47,0,6034,Marco Dawson,170.7,6611962.0,1076
2005,47,0,1927,Dennis Paulson,170.7,4724790.0,769
2005,49,0,20094,Jonathan Kaye,170.9,5500899.0,894
2005,50,0,10885,Robert Allenby,171.2,6157625.0,999
2005,51,0,24361,Pat Perez,171.5,6224114.0,1008
2005,52,0,21407,Arjun Atwal,171.7,5199186.0,841
2005,52,0,23353,J.J. Henry,171.7,7369029.0,1192
2005,52,0,22046,Geoff Ogilvy,171.7,6335315.0,1025
2005,52,0,26287,Roland Thatcher,171.7,5742558.0,929
2005,56,0,23541,Ben Crane,171.9,5519634.0,892
2005,56,0,1361,Dan Forsman,171.9,3936441.0,636
2005,56,0,22405,Justin Rose,171.9,7507740.0,1213
2005,59,0,6332,Neal Lancaster,172.1,7299648.0,1178
2005,60,0,23623,Bo Van Pelt,172.2,7891661.0,1273
2005,61,0,10117,Bob Heintz,172.5,5266799.0,848
2005,61,0,20645,John Senden,172.5,7748211.0,1248
2005,63,0,21961,Charles Howell III,172.7,6205045.0,998
2005,64,0,7867,Woody Austin,172.8,7774240.0,1250
2005,65,0,24507,Jason Bohn,172.9,6932648.0,1114
2005,65,0,23409,James Driscoll,172.9,5323238.0,855
2005,65,0,11032,Frank Lickliter II,172.9,7299651.0,1173
2005,68,0,19824,Craig Barlow,173.1,5396276.0,866
2005,69,0,21951,Joey Snyder III,173.2,7906080.0,1268
2005,70,0,1161,Mark Calcavecchia,173.3,6550251.0,1050
2005,70,0,1707,Steve Lowery,173.3,7373141.0,1182
2005,72,0,12782,Tim Herron,173.5,6627005.0,1061
2005,73,0,12823,Carlos Franco,173.6,5782499.0,925
2005,73,0,1723,Andrew Magee,173.6,6005593.0,961
2005,75,0,24227,Justin Bolli,173.7,5076840.0,812
2005,75,0,23325,Vaughn Taylor,173.7,7727491.0,1236
2005,77,0,25240,D.A. Points,173.8,7076195.0,1131
2005,78,0,20691,Greg Owen,173.9,6098364.0,974
2005,78,0,7749,Brett Quigley,173.9,7275315.0,1162
2005,80,0,12510,Chad Campbell,174.0,6502636.0,1038
2005,80,0,1797,Rocco Mediate,174.0,5620282.0,897
2005,80,0,2206,David Toms,174.0,5493389.0,877
2005,83,0,6197,Michael Allen,174.1,6625563.0,1057
2005,83,0,7223,Brian Bateman,174.1,7314556.0,1167
2005,83,0,12660,Jesper Parnevik,174.1,5772067.0,921
2005,86,0,10962,Bradley Hughes,174.3,4249085.0,677
2005,87,0,8931,Glen Day,174.4,6340756.0,1010
2005,87,0,1685,J.L. Lewis,174.4,7026997.0,1119
2005,89,0,20766,Padraig Harrington,174.5,3504401.0,558
2005,90,0,20498,Briny Baird,174.6,7752009.0,1233
2005,91,0,22548,Patrick Sheehan,174.8,8281097.0,1316
2005,92,0,1724,Jeff Maggert,174.9,5195635.0,825
2005,92,0,21949,Joe Ogilvie,174.9,6798337.0,1080
2005,94,0,1142,Bart Bryant,175.1,6681787.0,1060
2005,95,0,8123,Jeff Brehaut,175.3,5465600.0,866
2005,95,0,25345,Carl Pettersson,175.3,7994860.0,1267
2005,97,0,24290,D.J. Brigman,175.4,5330195.0,844
2005,98,0,21350,Ryuji Imada,175.6,5792007.0,916
2005,98,0,20634,Peter Lonard,175.6,5726416.0,906
2005,98,0,21498,Hideto Tanihara,175.6,3881147.0,614
2005,101,0,24357,K.J. Choi,175.8,4739059.0,749
2005,101,0,1948,Tim Petrovic,175.8,6868201.0,1085
2005,103,0,2101,Joey Sindelar,175.9,8600629.0,1358
2005,103,0,12454,Mario Tiziani,175.9,5300051.0,837
2005,105,0,12645,Brent Geiberger,176.1,4525490.0,714
2005,105,0,10912,Craig Perks,176.1,4944660.0,780
2005,107,0,24604,Hunter Haas,176.2,6338600.0,999
2005,108,0,23135,Tim Clark,176.4,5634374.0,887
2005,109,0,1941,Tom Pernice Jr.,176.5,7727775.0,1216
2005,110,0,1473,Todd Hamilton,176.6,6592803.0,1037
2005,111,0,21731,Freddie Jacobson,176.7,4859284.0,764
2005,111,0,20628,Arron Oberholser,176.7,4492100.0,706
2005,113,0,1766,Billy Mayfair,176.8,8965905.0,1409
2005,114,0,23614,Rich Beem,176.9,4229752.0,664
2005,114,0,8725,Tom Gillis,176.9,5998370.0,942
2005,114,0,12680,Shigeki Maruyama,176.9,7463433.0,1172
2005,114,0,20812,Tjaart van der Walt,176.9,4725266.0,742
2005,118,0,22295,Darron Stiles,177.0,6093205.0,956
2005,119,0,6004,Stephen Ames,177.2,5391060.0,845
2005,119,0,28088,Matt Davidson,177.2,4402777.0,690
2005,119,0,10860,Justin Leonard,177.2,4803108.0,753
2005,122,0,1035,Tommy Armour III,177.4,8042354.0,1259
2005,122,0,20229,Stewart Cink,177.4,6271209.0,982
2005,122,0,6621,Joe Durant,177.4,6060037.0,949
2005,122,0,26420,Richard Johnson,177.4,4042670.0,633
2005,126,0,1388,Robert Gamez,177.6,7091846.0,1109
2005,127,0,6373,José María Olazábal,177.7,3640735.0,569
2005,128,0,22293,Heath Slocum,177.9,7954016.0,1242
2005,129,0,6515,Shaun Micheel,178.1,5622961.0,877
2005,129,0,6595,Kevin Sutherland,178.1,6580144.0,1026
2005,131,0,1042,Paul Azinger,178.2,5118214.0,798
2005,131,0,1313,Steve Elkington,178.2,4849465.0,756
2005,133,0,10423,Mike Weir,178.4,4182101.0,651
2005,134,0,7457,Steve Flesch,178.5,5569876.0,867
2005,134,0,1577,Lee Janzen,178.5,5180748.0,806
2005,136,0,2223,Bob Tway,178.6,5849948.0,910
2005,137,0,22371,Aaron Baddeley,178.7,6612310.0,1028
2005,138,0,1418,Bill Glasson,178.8,3919220.0,609
2005,138,0,10733,Kent Jones,178.8,7744750.0,1203
2005,140,0,8537,J.P. Hayes,178.9,4694336.0,729
2005,141,0,23983,Luke Donald,179.0,3594954.0,558
2005,141,0,10809,Jim Furyk,179.0,6398962.0,993
2005,143,0,8545,Glen Hnatiuk,179.1,4461000.0,692
2005,144,0,23108,Matt Kuchar,179.2,4934429.0,765
2005,144,0,6527,Steve Stricker,179.2,5179662.0,803
2005,146,0,12652,Cameron Beckman,179.3,7488076.0,1160
2005,146,0,6575,Dudley Hart,179.3,6437137.0,997
2005,146,0,1677,Tom Lehman,179.3,4465678.0,692
2005,146,0,20548,Hidemichi Tanaka,179.3,8392102.0,1300
2005,150,0,20472,Alex Cejka,179.4,6130255.0,949
2005,151,0,10425,Jay Williamson,179.5,4123642.0,638
2005,152,0,21806,Paul Gow,179.6,5979372.0,925
2005,153,0,8075,Jerry Kelly,179.7,6785092.0,1049
2005,154,0,1024,Billy Andrade,179.9,6542018.0,1010
2005,154,0,1666,Bernhard Langer,179.9,3989315.0,616
2005,154,0,1823,Larry Mize,179.9,4113135.0,635
2005,154,0,20474,Phillip Price,179.9,5641670.0,871
2005,158,0,6251,Chris DiMarco,180.0,5294803.0,817
2005,158,0,2239,Scott Verplank,180.0,5935873.0,916
2005,160,0,10201,Matt Gogel,180.1,6035540.0,931
2005,161,0,1599,Steve Jones,180.3,4135601.0,637
2005,162,0,21753,Brian Davis,180.6,5696975.0,876
2005,163,0,20160,Charlie Wi,180.7,5398185.0,830
2005,164,0,10585,Scott McCarron,181.0,5439909.0,835
2005,164,0,25847,Rob Rashell,181.0,4855351.0,745
2005,166,0,20099,Doug Barron,181.1,5816627.0,892
2005,166,0,8993,Franklin Langham,181.1,6866820.0,1053
2005,166,0,2104,Jeff Sluman,181.1,7574954.0,1162
2005,169,0,24138,Ian Poulter,181.3,3269084.0,501
2005,169,0,2246,Duffy Waldorf,181.3,6363911.0,975
2005,171,0,12826,Paul Claxton,181.5,5972016.0,914
2005,172,0,23036,Chris Anderson,181.6,5250258.0,803
2005,172,0,8385,Omar Uresti,181.6,6688783.0,1023
2005,174,0,1320,Bob Estes,181.7,7174529.0,1097
2005,175,0,12602,Dean Wilson,182.2,7143857.0,1089
2005,176,0,20121,Todd Fischer,182.7,7939319.0,1207
2005,177,0,2214,Kirk Triplett,182.9,4022356.0,611
2005,178,0,22621,Ben Curtis,183.1,4449682.0,675
2005,179,0,19846,Brian Gay,183.5,8461093.0,1281
2005,180,0,19881,Robert Damron,183.7,7261124.0,1098
2005,181,0,1139,Olin Browne,183.8,7596562.0,1148
2005,182,0,1127,Danny Briggs,184.3,5613848.0,846
2005,183,0,1761,Len Mattiace,184.5,6927894.0,1043
2005,184,0,19972,José Coceres,184.7,4879465.0,734
2005,185,0,1619,Skip Kendall,184.8,6478377.0,974
2005,185,0,12662,Thomas Levet,184.8,3286303.0,494
2005,185,0,25396,Kevin Na,184.8,7263818.0,1092
2005,188,0,1157,Tom Byrum,185.2,7038803.0,1056
2005,188,0,21878,Mark Wilson,185.2,5841223.0,876
2005,190,0,1381,Fred Funk,185.3,7609433.0,1141
2005,191,0,1175,Jim Carter,185.6,5032132.0,753
2005,192,0,1329,Brad Faxon,185.7,5293602.0,792
2005,192,0,20382,Stephen Leaney,185.7,6952647.0,1040
2005,194,0,1219,John Cook,186.4,5415822.0,807
2005,195,0,20127,Chris Riley,186.5,3908214.0,582
2005,196,0,1457,Jay Haas,186.7,3622105.0,539
2005,197,0,1132,Mark Brooks,187.4,5788499.0,858
2005,198,0,2010,Loren Roberts,189.0,4517679.0,664
2005,199,0,1887,Mark O'Meara,189.1,4846714.0,712
2005,200,0,20623,Gavin Coles,189.8,5999206.0,878
2005,201,0,1487,Jeff Hart,190.9,5463629.0,795
2005,202,0,1928,Corey Pavin,194.2,5908234.0,845
