YEAR,RANK,MOVEMENT,PLAYER_ID,PLAYER,AVG,TOTAL STROKES,TOTAL ROUNDS
2024,1,0,32070,Rafael Campos,67.71,474,7
2024,2,0,51766,Wyndham Clark,67.93,1019,15
2024,3,0,46046,Scottie Scheffler,68.05,1293,19
2024,4,0,29420,Billy Horschel,68.06,1157,17
2024,5,0,59143,Mac Meissner,68.29,956,14
2024,6,0,57975,Harry Hall,68.35,1162,17
2024,7,0,12716,Charley Hoffman,68.36,957,14
2024,7,0,39975,Michael Kim,68.36,957,14
2024,9,0,52513,Carson Young,68.41,1163,17
2024,10,0,51287,Ryo Hisatsune,68.47,1164,17
2024,11,0,46442,Maverick McNealy,68.52,1439,21
2024,12,0,47679,Victor Perez,68.6,1029,15
2024,13,0,34098,Russell Henley,68.61,1235,18
2024,13,0,48117,Kurt Kitayama,68.61,1235,18
2024,13,0,57900,Chandler Phillips,68.61,1235,18
2024,16,0,48081,Xander Schauffele,68.67,1442,21
2024,17,0,54591,Ben Griffin,68.72,1718,25
2024,18,0,52375,Doug Ghim,68.74,1306,19
2024,19,0,51977,Max Greyserman,68.76,1169,17
2024,19,0,34256,Andrew Putnam,68.76,1169,17
2024,21,0,39324,J.J. Spaun,68.8,1032,15
2024,22,0,32791,K.H. Lee,68.86,964,14
2024,23,0,25900,Lucas Glover,68.9,1378,20
2024,23,0,28252,Seamus Power,68.9,1447,21
2024,25,0,35506,Mackenzie Hughes,68.91,1516,22
2024,26,0,52215,Robert MacIntyre,68.92,896,13
2024,27,0,39971,Sungjae Im,69.0,1380,20
2024,27,0,33968,Thorbjørn Olesen,69.0,621,9
2024,27,0,51890,Greyson Sigg,69.0,897,13
2024,30,0,24502,Adam Scott,69.06,1174,17
2024,30,0,33448,Justin Thomas,69.06,1105,16
2024,32,0,45242,Kevin Yu,69.07,967,14
2024,33,0,32757,Patton Kizzire,69.1,691,10
2024,34,0,30911,Tommy Fleetwood,69.12,1175,17
2024,35,0,40026,Daniel Berger,69.13,1037,15
2024,35,0,54783,Dylan Wu,69.13,1037,15
2024,37,0,58168,Davis Thompson,69.14,1452,21
2024,38,0,50497,Adrien Dumont de Chassart,69.17,830,12
2024,38,0,51997,Andrew Novak,69.17,1245,18
2024,40,0,37455,Si Woo Kim,69.18,1522,22
2024,41,0,32839,Hideki Matsuyama,69.22,1246,18
2024,42,0,33948,Byeong Hun An,69.24,1177,17
2024,42,0,27349,Alex Noren,69.24,1177,17
2024,44,0,54576,Patrick Fishburn,69.25,831,12
2024,44,0,59095,Chris Gotterup,69.25,831,12
2024,44,0,47993,Denny McCarthy,69.25,1385,20
2024,44,0,22405,Justin Rose,69.25,831,12
2024,48,0,51349,Nico Echavarria,69.29,1178,17
2024,49,0,37275,Sam Ryder,69.31,901,13
2024,50,0,36699,Patrick Rodgers,69.32,1525,22
2024,51,0,45522,Christiaan Bezuidenhout,69.33,1248,18
2024,51,0,46113,Ryan McCormick,69.33,624,9
2024,53,0,35461,Beau Hossler,69.37,1318,19
2024,54,0,29535,Brice Garnett,69.38,555,8
2024,54,0,27644,Brian Harman,69.38,1457,21
2024,54,0,47995,Davis Riley,69.38,902,13
2024,57,0,47591,Eric Cole,69.39,1596,23
2024,58,0,28089,Jason Day,69.41,1180,17
2024,59,0,40250,Taylor Pendrith,69.44,1111,16
2024,60,0,32366,Kevin Chappell,69.45,764,11
2024,61,0,39546,Keith Mitchell,69.47,1181,17
2024,62,0,52955,Ludvig Åberg,69.5,1251,18
2024,62,0,32367,Jorge Campillo,69.5,695,10
2024,62,0,39997,Corey Conners,69.5,1529,22
2024,62,0,28775,Nate Lashley,69.5,834,12
2024,62,0,29908,C.T. Pan,69.5,695,10
2024,62,0,46414,Aaron Rai,69.5,1390,20
2024,68,0,36801,Mark Hubbard,69.54,1669,24
2024,69,0,33399,Adam Hadwin,69.59,1183,17
2024,70,0,35617,Martin Trainer,69.6,348,5
2024,71,0,46717,Viktor Hovland,69.69,906,13
2024,72,0,40162,Justin Lower,69.71,1464,21
2024,73,0,60004,Jacob Bridgeman,69.75,1116,16
2024,73,0,40098,Matt Fitzpatrick,69.75,1116,16
2024,75,0,24024,Zach Johnson,69.78,628,9
2024,76,0,48867,Matti Schmid,69.79,977,14
2024,76,0,34046,Jordan Spieth,69.79,977,14
2024,78,0,29725,Tony Finau,69.8,1396,20
2024,78,0,60767,Blaine Hale Jr.,69.8,349,5
2024,80,0,35310,Lanto Griffin,69.82,1187,17
2024,81,0,60067,Joe Highsmith,69.85,908,13
2024,82,0,47663,Kevin Dougherty,69.88,559,8
2024,82,0,28237,Rory McIlroy,69.88,1188,17
2024,82,0,47347,Adam Schenk,69.88,1188,17
2024,85,0,33408,Tyson Alexander,69.91,769,11
2024,86,0,35532,Tom Hoge,69.92,1678,24
2024,86,0,50484,Hayden Springer,69.92,909,13
2024,86,0,48887,Matt Wallace,69.92,909,13
2024,89,0,37378,Min Woo Lee,69.94,1119,16
2024,89,0,40006,Erik van Rooyen,69.94,1259,18
2024,91,0,48084,Wesley Bryan,70.0,560,8
2024,91,0,34563,Chesson Hadley,70.0,770,11
2024,91,0,48153,Matthieu Pavon,70.0,1050,15
2024,91,0,48119,Ben Taylor,70.0,420,6
2024,95,0,34099,Harris English,70.05,1471,21
2024,96,0,49947,Taylor Moore,70.09,1542,22
2024,97,0,33141,Keegan Bradley,70.11,1262,18
2024,97,0,54628,Lee Hodges,70.11,1262,18
2024,99,0,27129,Luke List,70.15,912,13
2024,100,0,27649,Brandt Snedeker,70.17,421,6
2024,101,0,25493,Nick Taylor,70.18,1193,17
2024,102,0,29936,Ryan Fox,70.19,1123,16
2024,103,0,31323,Gary Woodland,70.2,1053,15
2024,104,0,39977,Max Homa,70.22,1264,18
2024,105,0,27936,Martin Laird,70.23,913,13
2024,106,0,34587,Chan Kim,70.24,1194,17
2024,107,0,27214,Kevin Streelman,70.25,843,12
2024,107,0,55454,Carl Yuan,70.25,562,8
2024,109,0,50493,Justin Suh,70.27,773,11
2024,109,0,27064,Jhonattan Vegas,70.27,1054,15
2024,109,0,51894,Vince Whaley,70.27,1054,15
2024,112,0,47988,Nick Hardy,70.29,1195,17
2024,113,0,55893,Sam Stevens,70.3,1617,23
2024,113,0,40115,Adam Svensson,70.3,1617,23
2024,115,0,52372,Cameron Champ,70.33,422,6
2024,115,0,23320,Ryan Palmer,70.33,422,6
2024,117,0,49771,J.T. Poston,70.35,1407,20
2024,117,0,39327,Ben Silverman,70.35,1196,17
2024,119,0,34374,Erik Barnes,70.38,563,8
2024,120,0,47504,Sam Burns,70.39,1267,18
2024,120,0,55182,Tom Kim,70.39,1267,18
2024,122,0,33653,Thomas Detry,70.4,1056,15
2024,123,0,51634,Sahith Theegala,70.41,1549,22
2024,124,0,50525,Collin Morikawa,70.42,1338,19
2024,125,0,56149,Wilson Furr,70.43,493,7
2024,126,0,52666,Sami Valimaki,70.44,634,9
2024,127,0,36871,Matt NeSmith,70.45,775,11
2024,128,0,40058,Zac Blair,70.5,1128,16
2024,128,0,34255,Joseph Bramlett,70.5,1128,16
2024,128,0,31646,Emiliano Grillo,70.5,1410,20
2024,128,0,50188,S.H. Kim,70.5,1551,22
2024,128,0,36326,David Lipsky,70.5,705,10
2024,128,0,30163,Henrik Norlander,70.5,987,14
2024,128,0,46340,Alex Smalley,70.5,846,12
2024,128,0,52374,Brandon Wu,70.5,987,14
2024,136,0,27139,David Skinns,70.53,1058,15
2024,137,0,30926,Chris Kirk,70.56,1270,18
2024,138,0,54421,Garrick Higgo,70.57,988,14
2024,139,0,45609,Tyler Duncan,70.58,847,12
2024,140,0,32102,Rickie Fowler,70.59,1200,17
2024,141,0,28420,Ryan Brehm,70.6,353,5
2024,141,0,34021,Bud Cauley,70.6,706,10
2024,143,0,36799,Stephan Jaeger,70.65,1201,17
2024,144,0,23108,Matt Kuchar,70.69,919,13
2024,145,0,51696,Rico Hoey,70.71,1202,17
2024,145,0,36884,Ben Kohles,70.71,1202,17
2024,147,0,34076,Joel Dahmen,70.72,1273,18
2024,148,0,45157,Cam Davis,70.76,1203,17
2024,148,0,57362,Austin Eckroat,70.76,1486,21
2024,150,0,35450,Patrick Cantlay,70.82,1204,17
2024,150,0,55789,Taylor Montgomery,70.82,779,11
2024,152,0,56630,Akshay Bhatia,70.89,1276,18
2024,153,0,33486,Roger Sloan,70.91,780,11
2024,154,0,32333,Kevin Tway,70.92,851,12
2024,155,0,59836,Pierceson Coody,70.93,1064,15
2024,155,0,47983,Chad Ramey,70.93,1064,15
2024,157,0,37212,Paul Barjon,71.0,284,4
2024,157,0,27770,Camilo Villegas,71.0,426,6
2024,159,0,46441,Robby Shelton,71.07,995,14
2024,160,0,29221,Webb Simpson,71.1,711,10
2024,160,0,38991,Alejandro Tosti,71.1,711,10
2024,162,0,47420,Jake Knapp,71.13,1138,16
2024,163,0,30927,Brendon Todd,71.14,1565,22
2024,164,0,52514,Trace Crowe,71.17,854,12
2024,164,0,50095,Austin Smotherman,71.17,854,12
2024,166,0,26476,Chez Reavie,71.2,712,10
2024,166,0,48319,Tom Whitney,71.2,712,10
2024,168,0,49960,Sepp Straka,71.25,1140,16
2024,169,0,32640,Troy Merritt,71.27,784,11
2024,170,0,59866,Nick Dunlap,71.29,998,14
2024,171,0,34466,Peter Malnati,71.33,856,12
2024,172,0,33204,Shane Lowry,71.35,1213,17
2024,173,0,57366,Cameron Young,71.45,1429,20
2024,174,0,22371,Aaron Baddeley,71.5,1001,14
2024,175,0,47483,Will Zalatoris,71.64,1003,14
2024,176,0,48699,Callum Tarren,71.89,647,9
2024,177,0,26596,Ryan Moore,71.92,863,12
2024,178,0,59442,Parker Coody,72.0,648,9
2024,178,0,29478,Kevin Kisner,72.0,432,6
2024,178,0,47806,Raul Pereda,72.0,216,3
2024,181,0,52453,Nicolai Højgaard,72.17,866,12
2024,182,0,55708,Hayden Buckley,72.4,724,10
2024,183,0,51070,Vincent Norrman,72.86,510,7
2024,184,0,27330,Josh Teater,73.25,293,4
2023,1,0,52955,Ludvig Åberg,67.83,814,12
2023,2,0,46046,Scottie Scheffler,67.86,1493,22
2023,3,0,26596,Ryan Moore,67.92,815,12
2023,4,0,45157,Cam Davis,68.47,1164,17
2023,4,0,28089,Jason Day,68.47,1164,17
2023,6,0,55182,Tom Kim,68.55,1371,20
2023,7,0,34098,Russell Henley,68.56,1234,18
2023,8,0,53165,Doc Redman,68.6,686,10
2023,9,0,55708,Hayden Buckley,68.67,1030,15
2023,10,0,40058,Zac Blair,68.73,756,11
2023,11,0,55789,Taylor Montgomery,68.76,1444,21
2023,12,0,58696,Peter Kuest,68.78,619,9
2023,13,0,27644,Brian Harman,68.79,1307,19
2023,14,0,28237,Rory McIlroy,68.8,1032,15
2023,15,0,24925,Jonathan Byrd,68.83,413,6
2023,15,0,25493,Nick Taylor,68.83,1239,18
2023,17,0,35450,Patrick Cantlay,68.88,1171,17
2023,17,0,32366,Kevin Chappell,68.88,551,8
2023,19,0,35506,Mackenzie Hughes,68.94,1103,16
2023,19,0,36871,Matt NeSmith,68.94,1241,18
2023,21,0,47591,Eric Cole,68.96,1862,27
2023,22,0,46442,Maverick McNealy,69.0,828,12
2023,22,0,49960,Sepp Straka,69.0,1311,19
2023,22,0,40006,Erik van Rooyen,69.0,828,12
2023,25,0,47504,Sam Burns,69.06,1174,17
2023,25,0,34563,Chesson Hadley,69.06,1105,16
2023,25,0,50525,Collin Morikawa,69.06,1174,17
2023,28,0,32791,K.H. Lee,69.1,1451,21
2023,28,0,48081,Xander Schauffele,69.1,1382,20
2023,30,0,34363,Tyrrell Hatton,69.11,1313,19
2023,30,0,47995,Davis Riley,69.11,1244,18
2023,32,0,25900,Lucas Glover,69.16,1314,19
2023,33,0,56630,Akshay Bhatia,69.17,1245,18
2023,34,0,46970,Jon Rahm,69.18,1176,17
2023,35,0,47988,Nick Hardy,69.21,1661,24
2023,36,0,51349,Nico Echavarria,69.25,554,8
2023,36,0,34099,Harris English,69.25,1385,20
2023,38,0,35461,Beau Hossler,69.3,1594,23
2023,38,0,51890,Greyson Sigg,69.3,1386,20
2023,40,0,39324,J.J. Spaun,69.32,1525,22
2023,41,0,27936,Martin Laird,69.36,971,14
2023,42,0,24502,Adam Scott,69.38,1110,16
2023,42,0,51634,Sahith Theegala,69.38,1665,24
2023,44,0,40098,Matt Fitzpatrick,69.4,1041,15
2023,44,0,35879,Kelly Kraft,69.4,1041,15
2023,44,0,57366,Cameron Young,69.4,1388,20
2023,47,0,27349,Alex Noren,69.44,1250,18
2023,47,0,52513,Carson Young,69.44,1111,16
2023,49,0,39977,Max Homa,69.45,1389,20
2023,50,0,57362,Austin Eckroat,69.47,1181,17
2023,51,0,22371,Aaron Baddeley,69.5,1112,16
2023,51,0,45609,Tyler Duncan,69.5,973,14
2023,51,0,30927,Brendon Todd,69.5,1529,22
2023,51,0,45242,Kevin Yu,69.5,834,12
2023,55,0,54421,Garrick Higgo,69.53,1321,19
2023,56,0,34256,Andrew Putnam,69.58,1670,24
2023,57,0,31577,Tano Goya,69.59,1183,17
2023,57,0,47993,Denny McCarthy,69.59,1531,22
2023,57,0,40115,Adam Svensson,69.59,1879,27
2023,60,0,31646,Emiliano Grillo,69.61,1601,23
2023,61,0,36799,Stephan Jaeger,69.62,2019,29
2023,62,0,57975,Harry Hall,69.63,1323,19
2023,62,0,36699,Patrick Rodgers,69.63,1323,19
2023,64,0,33408,Tyson Alexander,69.64,975,14
2023,64,0,52372,Cameron Champ,69.64,766,11
2023,66,0,49771,J.T. Poston,69.65,1393,20
2023,66,0,52374,Brandon Wu,69.65,1602,23
2023,68,0,51766,Wyndham Clark,69.67,1672,24
2023,68,0,34431,Robert Streb,69.67,627,9
2023,70,0,39997,Corey Conners,69.68,1324,19
2023,70,0,27129,Luke List,69.68,1324,19
2023,72,0,19803,Ryan Armour,69.71,976,14
2023,73,0,46435,Austin Cook,69.73,767,11
2023,73,0,48867,Matti Schmid,69.73,767,11
2023,75,0,39975,Michael Kim,69.76,1186,17
2023,75,0,25818,Scott Piercy,69.76,1186,17
2023,77,0,25686,Jason Dufner,69.77,907,13
2023,78,0,47347,Adam Schenk,69.78,1605,23
2023,79,0,52453,Nicolai Hojgaard,69.8,698,10
2023,79,0,51070,Vincent Norrman,69.8,1047,15
2023,81,0,50095,Austin Smotherman,69.82,1187,17
2023,82,0,54591,Ben Griffin,69.83,1676,24
2023,82,0,39971,Sungjae Im,69.83,1606,23
2023,82,0,22056,Cameron Percy,69.83,838,12
2023,82,0,46441,Robby Shelton,69.83,1257,18
2023,82,0,46340,Alex Smalley,69.83,1606,23
2023,87,0,46717,Viktor Hovland,69.86,1537,22
2023,87,0,37455,Si Woo Kim,69.86,1537,22
2023,89,0,30911,Tommy Fleetwood,69.88,1188,17
2023,90,0,32839,Hideki Matsuyama,69.89,1328,19
2023,91,0,54628,Lee Hodges,69.9,1398,20
2023,91,0,35532,Tom Hoge,69.9,1468,21
2023,91,0,28775,Nate Lashley,69.9,1468,21
2023,94,0,48117,Kurt Kitayama,69.92,909,13
2023,95,0,34255,Joseph Bramlett,69.93,1049,15
2023,95,0,48699,Callum Tarren,69.93,1049,15
2023,95,0,33448,Justin Thomas,69.93,1049,15
2023,98,0,23108,Matt Kuchar,69.95,1329,19
2023,99,0,28420,Ryan Brehm,70.0,630,9
2023,99,0,48084,Wesley Bryan,70.0,420,6
2023,99,0,39067,MJ Daffue,70.0,1260,18
2023,99,0,52375,Doug Ghim,70.0,1120,16
2023,99,0,51414,Brent Grant,70.0,770,11
2023,99,0,34046,Jordan Spieth,70.0,1050,15
2023,99,0,27963,Chris Stroud,70.0,560,8
2023,106,0,32102,Rickie Fowler,70.04,1611,23
2023,107,0,36801,Mark Hubbard,70.05,1471,21
2023,108,0,34466,Peter Malnati,70.07,981,14
2023,108,0,30163,Henrik Norlander,70.07,1051,15
2023,110,0,39058,Lucas Herbert,70.08,841,12
2023,110,0,55454,Carl Yuan,70.08,911,13
2023,112,0,37275,Sam Ryder,70.1,1472,21
2023,113,0,29221,Webb Simpson,70.11,631,9
2023,114,0,33653,Thomas Detry,70.14,1543,22
2023,114,0,22405,Justin Rose,70.14,982,14
2023,116,0,34076,Joel Dahmen,70.18,1193,17
2023,117,0,35449,Adam Long,70.21,1334,19
2023,118,0,20229,Stewart Cink,70.23,913,13
2023,119,0,46414,Aaron Rai,70.24,1475,21
2023,119,0,26476,Chez Reavie,70.24,1194,17
2023,121,0,25632,Jimmy Walker,70.25,843,12
2023,122,0,29725,Tony Finau,70.26,1335,19
2023,122,0,51997,Andrew Novak,70.26,1335,19
2023,124,0,59018,Ryan Gerard,70.27,773,11
2023,124,0,12716,Charley Hoffman,70.27,773,11
2023,124,0,33122,Russell Knox,70.27,1546,22
2023,124,0,48887,Matt Wallace,70.27,1054,15
2023,128,0,33141,Keegan Bradley,70.28,1265,18
2023,128,0,33399,Adam Hadwin,70.28,1265,18
2023,130,0,29970,Dylan Frittelli,70.29,492,7
2023,130,0,56762,Will Gordon,70.29,1476,21
2023,130,0,28252,Seamus Power,70.29,1195,17
2023,130,0,32333,Kevin Tway,70.29,984,14
2023,134,0,47079,Harrison Endycott,70.31,914,13
2023,135,0,45522,Christiaan Bezuidenhout,70.33,1266,18
2023,135,0,31560,Brian Stuard,70.33,633,9
2023,137,0,39546,Keith Mitchell,70.35,1407,20
2023,138,0,32640,Troy Merritt,70.38,915,13
2023,139,0,30926,Chris Kirk,70.39,1267,18
2023,140,0,51950,Max McGreevy,70.4,704,10
2023,141,0,40162,Justin Lower,70.42,1338,19
2023,142,0,50188,S.H. Kim,70.43,1479,21
2023,143,0,31202,William McGirt,70.44,634,9
2023,144,0,49298,Kramer Hickok,70.56,1129,16
2023,144,0,34610,Matthias Schwab,70.56,1129,16
2023,146,0,47128,Richy Werenski,70.57,988,14
2023,147,0,33948,Byeong Hun An,70.61,1624,23
2023,148,0,54783,Dylan Wu,70.62,1483,21
2023,149,0,33204,Shane Lowry,70.64,989,14
2023,150,0,23320,Ryan Palmer,70.67,848,12
2023,150,0,47983,Chad Ramey,70.67,1272,18
2023,152,0,58168,Davis Thompson,70.75,1415,20
2023,153,0,32757,Patton Kizzire,70.78,1274,18
2023,153,0,33413,Ben Martin,70.78,1274,18
2023,153,0,29908,C.T. Pan,70.78,637,9
2023,156,0,51491,Brandon Matthews,70.8,354,5
2023,157,0,49947,Taylor Moore,70.85,1417,20
2023,158,0,39335,Kevin Roy,70.88,567,8
2023,159,0,55893,Sam Stevens,70.9,1418,20
2023,160,0,32816,Satoshi Kodaira,70.92,851,12
2023,160,0,34409,David Lingmerth,70.92,922,13
2023,162,0,36326,David Lipsky,70.94,1277,18
2023,163,0,48119,Ben Taylor,71.06,1279,18
2023,164,0,24024,Zach Johnson,71.08,924,13
2023,164,0,32139,Danny Willett,71.08,853,12
2023,166,0,29535,Brice Garnett,71.13,1138,16
2023,167,0,31557,Jim Herman,71.17,854,12
2023,168,0,39954,Cody Gribble,71.21,997,14
2023,169,0,36724,Augusto Núñez,71.25,855,12
2023,170,0,29420,Billy Horschel,71.27,784,11
2023,171,0,35310,Lanto Griffin,71.3,713,10
2023,172,0,32448,James Hahn,71.31,927,13
2023,173,0,32662,Michael Gligic,71.33,428,6
2023,173,0,35617,Martin Trainer,71.33,642,9
2023,175,0,29289,S.Y. Noh,71.36,999,14
2023,176,0,24140,Sean O'Hair,71.43,500,7
2023,177,0,52411,Kyle Westmoreland,71.44,643,9
2023,178,0,37338,Zecheng Dou,71.47,1215,17
2023,179,0,31323,Gary Woodland,71.56,1288,18
2023,180,0,49766,Hank Lebioda,71.57,501,7
2023,180,0,27095,Nick Watney,71.57,501,7
2023,182,0,27214,Kevin Streelman,71.65,1218,17
2023,183,0,27974,Sung Kang,71.71,502,7
2023,184,0,35901,Paul Haley II,71.77,933,13
2023,184,0,50493,Justin Suh,71.77,1866,26
2023,186,0,40250,Taylor Pendrith,71.79,1364,19
2023,187,0,46601,Trey Mullinax,71.8,718,10
2023,188,0,33410,Andrew Landry,71.85,934,13
2023,189,0,49453,Trevor Cone,71.92,863,12
2023,190,0,27554,Scott Harrington,72.0,720,10
2023,191,0,30692,Scott Stallings,72.07,1081,15
2023,192,0,58967,Trevor Werbylo,72.46,942,13
2023,193,0,33597,Harry Higgs,72.62,944,13
2022,1,0,29725,Tony Finau,67.58,1284,19
2022,2,0,28237,Rory McIlroy,68.07,953,14
2022,3,0,48081,Xander Schauffele,68.29,1161,17
2022,4,0,48699,Callum Tarren,68.3,683,10
2022,5,0,32839,Hideki Matsuyama,68.41,1163,17
2022,6,0,39997,Corey Conners,68.53,1302,19
2022,6,0,49771,J.T. Poston,68.53,1028,15
2022,8,0,50525,Collin Morikawa,68.62,892,13
2022,9,0,33448,Justin Thomas,68.67,1236,18
2022,10,0,26300,Matt Jones,68.7,687,10
2022,11,0,35891,Cameron Smith,68.71,962,14
2022,12,0,23325,Vaughn Taylor,68.8,688,10
2022,13,0,39546,Keith Mitchell,68.84,1308,19
2022,14,0,22405,Justin Rose,68.91,758,11
2022,15,0,36801,Mark Hubbard,68.93,965,14
2022,15,0,26851,Marc Leishman,68.93,1034,15
2022,15,0,46601,Trey Mullinax,68.93,965,14
2022,18,0,28775,Nate Lashley,69.0,897,13
2022,18,0,48887,Matt Wallace,69.0,552,8
2022,20,0,33204,Shane Lowry,69.08,898,13
2022,21,0,29478,Kevin Kisner,69.09,760,11
2022,22,0,19803,Ryan Armour,69.13,553,8
2022,23,0,29926,Danny Lee,69.14,484,7
2022,24,0,45157,Cam Davis,69.18,1176,17
2022,25,0,34046,Jordan Spieth,69.19,1107,16
2022,26,0,51997,Andrew Novak,69.25,831,12
2022,27,0,39971,Sungjae Im,69.3,1386,20
2022,28,0,46717,Viktor Hovland,69.38,1110,16
2022,28,0,36799,Stephan Jaeger,69.38,902,13
2022,30,0,46402,Talor Gooch,69.4,1041,15
2022,31,0,22056,Cameron Percy,69.43,486,7
2022,32,0,35450,Patrick Cantlay,69.44,1111,16
2022,33,0,29974,Branden Grace,69.5,556,8
2022,34,0,47504,Sam Burns,69.53,1182,17
2022,34,0,27644,Brian Harman,69.53,1321,19
2022,34,0,29420,Billy Horschel,69.53,1043,15
2022,34,0,28252,Seamus Power,69.53,1043,15
2022,38,0,47483,Will Zalatoris,69.56,1113,16
2022,39,0,46046,Scottie Scheffler,69.58,1322,19
2022,40,0,30692,Scott Stallings,69.59,1183,17
2022,41,0,30911,Tommy Fleetwood,69.62,905,13
2022,41,0,34174,John Huh,69.62,905,13
2022,43,0,35310,Lanto Griffin,69.63,1114,16
2022,44,0,52374,Brandon Wu,69.64,766,11
2022,45,0,27349,Alex Noren,69.69,906,13
2022,46,0,24925,Jonathan Byrd,69.7,697,10
2022,46,0,35879,Kelly Kraft,69.7,697,10
2022,48,0,46970,Jon Rahm,69.71,1185,17
2022,49,0,34098,Russell Henley,69.72,1255,18
2022,50,0,35506,Mackenzie Hughes,69.73,1046,15
2022,50,0,27974,Sung Kang,69.73,767,11
2022,50,0,31323,Gary Woodland,69.73,767,11
2022,53,0,34563,Chesson Hadley,69.75,837,12
2022,54,0,46340,Alex Smalley,69.76,1186,17
2022,54,0,57366,Cameron Young,69.76,1186,17
2022,56,0,40098,Matt Fitzpatrick,69.81,1117,16
2022,57,0,35449,Adam Long,69.82,1187,17
2022,58,0,49960,Sepp Straka,69.83,1257,18
2022,59,0,46442,Maverick McNealy,69.85,1397,20
2022,60,0,45609,Tyler Duncan,69.87,1048,15
2022,61,0,24502,Adam Scott,69.88,1188,17
2022,62,0,20229,Stewart Cink,69.92,909,13
2022,63,0,27129,Luke List,69.93,979,14
2022,64,0,49947,Taylor Moore,69.94,1119,16
2022,64,0,47529,Mito Pereira,69.94,1259,18
2022,66,0,26476,Chez Reavie,70.0,1120,16
2022,66,0,37275,Sam Ryder,70.0,1050,15
2022,66,0,51894,Vince Whaley,70.0,1050,15
2022,66,0,49964,Aaron Wise,70.0,1330,19
2022,70,0,27214,Kevin Streelman,70.06,1121,16
2022,71,0,32662,Michael Gligic,70.07,981,14
2022,72,0,40162,Justin Lower,70.08,911,13
2022,72,0,34431,Robert Streb,70.08,911,13
2022,74,0,34264,Hudson Swafford,70.09,771,11
2022,74,0,32139,Danny Willett,70.09,771,11
2022,76,0,39977,Max Homa,70.11,1332,19
2022,76,0,45486,Joaquin Niemann,70.11,1262,18
2022,78,0,55708,Hayden Buckley,70.13,1122,16
2022,78,0,36699,Patrick Rodgers,70.13,1122,16
2022,78,0,32150,Michael Thompson,70.13,1122,16
2022,78,0,40006,Erik van Rooyen,70.13,561,8
2022,82,0,34255,Joseph Bramlett,70.15,912,13
2022,82,0,33399,Adam Hadwin,70.15,1403,20
2022,84,0,45522,Christiaan Bezuidenhout,70.17,1263,18
2022,84,0,24980,Scott Gutschewski,70.17,421,6
2022,84,0,35532,Tom Hoge,70.17,1263,18
2022,87,0,48117,Kurt Kitayama,70.18,772,11
2022,87,0,30163,Henrik Norlander,70.18,772,11
2022,87,0,30927,Brendon Todd,70.18,1193,17
2022,90,0,47988,Nick Hardy,70.2,702,10
2022,90,0,32333,Kevin Tway,70.2,702,10
2022,92,0,56278,Matthew Wolff,70.25,562,8
2022,93,0,28089,Jason Day,70.27,773,11
2022,93,0,50095,Austin Smotherman,70.27,1054,15
2022,95,0,47128,Richy Werenski,70.29,492,7
2022,96,0,33667,Carlos Ortiz,70.3,703,10
2022,96,0,23621,Rory Sabbatini,70.3,703,10
2022,96,0,35617,Martin Trainer,70.3,703,10
2022,99,0,30944,Jason Kokrak,70.31,914,13
2022,99,0,36326,David Lipsky,70.31,1125,16
2022,99,0,53165,Doc Redman,70.31,914,13
2022,102,0,31646,Emiliano Grillo,70.33,1055,15
2022,102,0,23108,Matt Kuchar,70.33,1055,15
2022,102,0,33419,Cameron Tringale,70.33,1266,18
2022,102,0,27095,Nick Watney,70.33,633,9
2022,106,0,33141,Keegan Bradley,70.35,1196,17
2022,106,0,51890,Greyson Sigg,70.35,1196,17
2022,108,0,46435,Austin Cook,70.36,774,11
2022,108,0,23983,Luke Donald,70.36,774,11
2022,108,0,29535,Brice Garnett,70.36,774,11
2022,108,0,29518,Brendan Steele,70.36,985,14
2022,112,0,52372,Cameron Champ,70.38,563,8
2022,112,0,39953,Chase Seiffert,70.38,563,8
2022,114,0,27895,Jonas Blixt,70.4,352,5
2022,114,0,34363,Tyrrell Hatton,70.4,1056,15
2022,114,0,25198,Francesco Molinari,70.4,704,10
2022,117,0,48084,Wesley Bryan,70.43,493,7
2022,118,0,34466,Peter Malnati,70.45,1409,20
2022,118,0,47993,Denny McCarthy,70.45,1550,22
2022,120,0,36689,Brooks Koepka,70.5,564,8
2022,120,0,23320,Ryan Palmer,70.5,846,12
2022,120,0,24361,Pat Perez,70.5,846,12
2022,123,0,33122,Russell Knox,70.53,1199,17
2022,124,0,29908,C.T. Pan,70.56,1129,16
2022,124,0,27064,Jhonattan Vegas,70.56,1129,16
2022,126,0,34610,Matthias Schwab,70.57,988,14
2022,127,0,40250,Taylor Pendrith,70.6,1059,15
2022,128,0,32791,K.H. Lee,70.62,1483,21
2022,129,0,30978,Kiradech Aphibarnrat,70.67,636,9
2022,129,0,32366,Kevin Chappell,70.67,636,9
2022,129,0,33490,Bo Hoag,70.67,424,6
2022,129,0,51950,Max McGreevy,70.67,636,9
2022,129,0,34256,Andrew Putnam,70.67,1272,18
2022,134,0,51766,Wyndham Clark,70.7,1414,20
2022,135,0,35110,Brett Drewitt,70.71,495,7
2022,136,0,32448,James Hahn,70.73,778,11
2022,137,0,30926,Chris Kirk,70.76,1203,17
2022,138,0,39324,J.J. Spaun,70.79,1345,19
2022,139,0,21961,Charles Howell III,70.82,779,11
2022,139,0,48822,Sebastián Muñoz,70.82,1204,17
2022,141,0,45540,Jared Wolfe,70.86,496,7
2022,142,0,24024,Zach Johnson,70.9,709,10
2022,143,0,49766,Hank Lebioda,70.92,922,13
2022,143,0,31560,Brian Stuard,70.92,851,12
2022,145,0,52375,Doug Ghim,70.93,1064,15
2022,146,0,54628,Lee Hodges,70.94,1277,18
2022,147,0,32757,Patton Kizzire,71.0,1207,17
2022,148,0,25493,Nick Taylor,71.06,1137,16
2022,149,0,25818,Scott Piercy,71.08,853,12
2022,150,0,29221,Webb Simpson,71.09,782,11
2022,151,0,27649,Brandt Snedeker,71.13,569,8
2022,152,0,28114,Dawie van der Walt,71.14,498,7
2022,152,0,37189,Harold Varner III,71.14,996,14
2022,154,0,45526,Abraham Ancer,71.17,854,12
2022,154,0,34076,Joel Dahmen,71.17,1281,18
2022,154,0,36871,Matthew NeSmith,71.17,1281,18
2022,157,0,25686,Jason Dufner,71.2,356,5
2022,158,0,32816,Satoshi Kodaira,71.22,641,9
2022,159,0,37455,Si Woo Kim,71.24,1496,21
2022,160,0,31420,Anirban Lahiri,71.25,855,12
2022,161,0,39058,Lucas Herbert,71.33,642,9
2022,161,0,47856,Seth Reeves,71.33,642,9
2022,161,0,33486,Roger Sloan,71.33,642,9
2022,164,0,46414,Aaron Rai,71.35,1213,17
2022,165,0,37212,Paul Barjon,71.36,785,11
2022,165,0,49298,Kramer Hickok,71.36,999,14
2022,167,0,27936,Martin Laird,71.38,928,13
2022,168,0,29970,Dylan Frittelli,71.39,1285,18
2022,169,0,32640,Troy Merritt,71.4,1428,20
2022,170,0,25900,Lucas Glover,71.42,1357,19
2022,170,0,29289,S.Y. Noh,71.42,857,12
2022,170,0,47995,Davis Riley,71.42,1357,19
2022,173,0,31557,Jim Herman,71.43,500,7
2022,174,0,36884,Ben Kohles,71.44,643,9
2022,175,0,24924,Bill Haas,71.53,1073,15
2022,176,0,54421,Garrick Higgo,71.63,573,8
2022,177,0,33597,Harry Higgs,71.67,860,12
2022,178,0,46550,Brandon Hagy,71.7,717,10
2022,179,0,34360,Patrick Reed,71.73,1076,15
2022,180,0,40115,Adam Svensson,71.75,1435,20
2022,181,0,47347,Adam Schenk,71.79,1005,14
2022,182,0,47983,Chad Ramey,71.8,718,10
2022,182,0,27139,David Skinns,71.8,718,10
2022,182,0,54783,Dylan Wu,71.8,718,10
2022,185,0,12716,Charley Hoffman,71.83,862,12
2022,186,0,36852,Jim Knous,71.88,575,8
2022,186,0,10381,Curtis Thompson,71.88,575,8
2022,188,0,51634,Sahith Theegala,71.92,1798,25
2022,189,0,24138,Ian Poulter,72.0,576,8
2022,190,0,32102,Rickie Fowler,72.08,937,13
2022,191,0,27770,Camilo Villegas,72.27,795,11
2022,192,0,39436,Joshua Creel,72.67,218,3
2022,193,0,35461,Beau Hossler,72.77,946,13
2021,1,0,34363,Tyrrell Hatton,68.55,754,11
2021,2,0,29221,Webb Simpson,68.71,1168,17
2021,3,0,40026,Daniel Berger,68.75,1375,20
2021,4,0,49766,Hank Lebioda,68.77,894,13
2021,5,0,32757,Patton Kizzire,68.95,1517,22
2021,6,0,35230,Nelson Ledesma,69.0,483,7
2021,6,0,46970,Jon Rahm,69.0,1242,18
2021,8,0,35450,Patrick Cantlay,69.06,1174,17
2021,9,0,31420,Anirban Lahiri,69.08,829,12
2021,10,0,32333,Kevin Tway,69.11,622,9
2021,11,0,36871,Matthew NeSmith,69.13,1106,16
2021,12,0,21961,Charles Howell III,69.14,968,14
2021,13,0,32662,Michael Gligic,69.15,899,13
2021,14,0,34466,Peter Malnati,69.18,761,11
2021,15,0,48081,Xander Schauffele,69.22,1246,18
2021,16,0,40006,Erik van Rooyen,69.23,900,13
2021,17,0,28252,Seamus Power,69.25,831,12
2021,18,0,34256,Andrew Putnam,69.33,1040,15
2021,19,0,45526,Abraham Ancer,69.35,1595,23
2021,20,0,27064,Jhonattan Vegas,69.37,1318,19
2021,21,0,29535,Brice Garnett,69.41,1180,17
2021,22,0,29974,Branden Grace,69.44,1111,16
2021,23,0,29725,Tony Finau,69.45,1389,20
2021,24,0,36689,Brooks Koepka,69.46,903,13
2021,25,0,24924,Bill Haas,69.5,278,4
2021,26,0,22056,Cameron Percy,69.53,1043,15
2021,27,0,30925,Dustin Johnson,69.56,1113,16
2021,28,0,33490,Bo Hoag,69.57,974,14
2021,28,0,30163,Henrik Norlander,69.57,974,14
2021,30,0,34099,Harris English,69.62,1462,21
2021,31,0,46435,Austin Cook,69.67,627,9
2021,32,0,39971,Sungjae Im,69.68,1951,28
2021,33,0,33404,Chris Baker,69.71,488,7
2021,33,0,45157,Cam Davis,69.71,1464,21
2021,33,0,27770,Camilo Villegas,69.71,976,14
2021,36,0,34563,Chesson Hadley,69.73,767,11
2021,37,0,31646,Emiliano Grillo,69.74,1325,19
2021,37,0,37455,Si Woo Kim,69.74,1325,19
2021,39,0,27095,Nick Watney,69.75,279,4
2021,40,0,45486,Joaquin Niemann,69.76,1744,25
2021,41,0,34098,Russell Henley,69.78,1256,18
2021,42,0,32448,James Hahn,69.83,838,12
2021,43,0,37275,Sam Ryder,69.85,908,13
2021,44,0,29478,Kevin Kisner,69.87,1048,15
2021,45,0,34360,Patrick Reed,69.88,1188,17
2021,46,0,50525,Collin Morikawa,69.89,1258,18
2021,46,0,49960,Sepp Straka,69.89,1258,18
2021,46,0,37189,Harold Varner III,69.89,1258,18
2021,49,0,33419,Cameron Tringale,69.9,1398,20
2021,50,0,39997,Corey Conners,69.92,1678,24
2021,50,0,23325,Vaughn Taylor,69.92,839,12
2021,52,0,46442,Maverick McNealy,69.93,1049,15
2021,53,0,47959,Bryson DeChambeau,69.95,1329,19
2021,53,0,31560,Brian Stuard,69.95,1329,19
2021,55,0,19803,Ryan Armour,70.0,840,12
2021,55,0,47504,Sam Burns,70.0,1260,18
2021,55,0,52372,Cameron Champ,70.0,910,13
2021,55,0,49964,Aaron Wise,70.0,1190,17
2021,59,0,25396,Kevin Na,70.05,1331,19
2021,60,0,26300,Matt Jones,70.09,1542,22
2021,60,0,23108,Matt Kuchar,70.09,771,11
2021,62,0,40042,Tyler McCumber,70.1,701,10
2021,62,0,27214,Kevin Streelman,70.1,1402,20
2021,64,0,20229,Stewart Cink,70.11,1332,19
2021,64,0,46402,Talor Gooch,70.11,1332,19
2021,64,0,26758,David Hearn,70.11,631,9
2021,64,0,35891,Cameron Smith,70.11,1332,19
2021,68,0,34264,Hudson Swafford,70.17,842,12
2021,69,0,39977,Max Homa,70.18,1193,17
2021,70,0,46717,Viktor Hovland,70.2,1404,20
2021,71,0,21209,Sergio Garcia,70.21,983,14
2021,72,0,30926,Chris Kirk,70.22,1264,18
2021,72,0,26329,Louis Oosthuizen,70.22,1264,18
2021,72,0,27330,Josh Teater,70.22,632,9
2021,75,0,53165,Doc Redman,70.23,913,13
2021,76,0,28237,Rory McIlroy,70.24,1194,17
2021,76,0,24502,Adam Scott,70.24,1194,17
2021,78,0,35532,Tom Hoge,70.25,1124,16
2021,79,0,33204,Shane Lowry,70.28,1265,18
2021,80,0,34255,Joseph Bramlett,70.29,984,14
2021,80,0,26476,Chez Reavie,70.29,984,14
2021,82,0,47483,Will Zalatoris,70.3,1406,20
2021,83,0,39953,Chase Seiffert,70.31,914,13
2021,83,0,27649,Brandt Snedeker,70.31,1125,16
2021,85,0,33120,Mark Anderson,70.33,633,9
2021,86,0,52375,Doug Ghim,70.35,1196,17
2021,87,0,12716,Charley Hoffman,70.36,1548,22
2021,87,0,29908,C.T. Pan,70.36,985,14
2021,87,0,46046,Scottie Scheffler,70.36,1548,22
2021,90,0,25900,Lucas Glover,70.37,1337,19
2021,91,0,33399,Adam Hadwin,70.38,1126,16
2021,92,0,27644,Brian Harman,70.39,1619,23
2021,93,0,32816,Satoshi Kodaira,70.42,845,12
2021,94,0,35461,Beau Hossler,70.44,1127,16
2021,94,0,36801,Mark Hubbard,70.44,1268,18
2021,96,0,33448,Justin Thomas,70.45,1409,20
2021,97,0,26851,Marc Leishman,70.5,1128,16
2021,97,0,33486,Roger Sloan,70.5,1128,16
2021,97,0,23623,Bo Van Pelt,70.5,705,10
2021,100,0,32839,Hideki Matsuyama,70.52,1481,21
2021,101,0,30692,Scott Stallings,70.54,917,13
2021,102,0,32070,Rafael Campos,70.57,494,7
2021,102,0,28775,Nate Lashley,70.57,988,14
2021,102,0,49771,J.T. Poston,70.57,988,14
2021,105,0,26331,Charl Schwartzel,70.59,1200,17
2021,106,0,34174,John Huh,70.6,706,10
2021,106,0,32150,Michael Thompson,70.6,1059,15
2021,108,0,48119,Ben Taylor,70.63,565,8
2021,109,0,46550,Brandon Hagy,70.64,777,11
2021,109,0,33410,Andrew Landry,70.64,777,11
2021,109,0,34431,Robert Streb,70.64,989,14
2021,112,0,34314,Sebastian Cappelen,70.67,424,6
2021,112,0,51894,Vince Whaley,70.67,1060,15
2021,114,0,24138,Ian Poulter,70.69,1131,16
2021,115,0,33141,Keegan Bradley,70.71,1202,17
2021,116,0,36699,Patrick Rodgers,70.72,1273,18
2021,117,0,39546,Keith Mitchell,70.73,1061,15
2021,118,0,27942,Rob Oppenheim,70.75,849,12
2021,119,0,25364,Paul Casey,70.76,1203,17
2021,119,0,32791,K.H. Lee,70.76,1486,21
2021,121,0,33597,Harry Higgs,70.77,920,13
2021,122,0,24024,Zach Johnson,70.78,1274,18
2021,122,0,30110,Kyle Stanley,70.78,1274,18
2021,124,0,30927,Brendon Todd,70.82,1204,17
2021,124,0,56278,Matthew Wolff,70.82,779,11
2021,126,0,23983,Luke Donald,70.83,425,6
2021,126,0,49298,Kramer Hickok,70.83,850,12
2021,128,0,33667,Carlos Ortiz,70.84,1346,19
2021,129,0,27349,Alex Noren,70.88,1205,17
2021,130,0,33413,Ben Martin,70.89,638,9
2021,131,0,29268,Bronson Burgoon,70.92,851,12
2021,132,0,34076,Joel Dahmen,70.94,1135,16
2021,133,0,47347,Adam Schenk,70.95,1419,20
2021,134,0,29479,Scott Brown,71.0,852,12
2021,134,0,48045,Michael Gellerman,71.0,497,7
2021,134,0,27129,Luke List,71.0,1065,15
2021,134,0,47993,Denny McCarthy,71.0,1207,17
2021,134,0,22405,Justin Rose,71.0,781,11
2021,134,0,34046,Jordan Spieth,71.0,1420,20
2021,134,0,29518,Brendan Steele,71.0,1136,16
2021,134,0,35617,Martin Trainer,71.0,284,4
2021,142,0,32102,Rickie Fowler,71.07,1066,15
2021,143,0,28089,Jason Day,71.09,782,11
2021,144,0,19846,Brian Gay,71.11,640,9
2021,144,0,30944,Jason Kokrak,71.11,1351,19
2021,144,0,24361,Pat Perez,71.11,1280,18
2021,144,0,25493,Nick Taylor,71.11,1280,18
2021,148,0,33122,Russell Knox,71.13,1138,16
2021,148,0,23320,Ryan Palmer,71.13,1138,16
2021,148,0,25818,Scott Piercy,71.13,1138,16
2021,151,0,33948,Byeong Hun An,71.14,996,14
2021,151,0,35104,Tom Lewis,71.14,996,14
2021,153,0,35449,Adam Long,71.15,925,13
2021,154,0,35506,Mackenzie Hughes,71.17,1281,18
2021,154,0,32640,Troy Merritt,71.17,1281,18
2021,156,0,23788,D.J. Trahan,71.18,783,11
2021,157,0,24140,Sean O'Hair,71.29,499,7
2021,158,0,29970,Dylan Frittelli,71.3,713,10
2021,158,0,48822,Sebastián Muñoz,71.3,1426,20
2021,158,0,46441,Robby Shelton,71.3,713,10
2021,161,0,29420,Billy Horschel,71.35,1427,20
2021,162,0,51766,Wyndham Clark,71.5,1001,14
2021,162,0,39975,Michael Kim,71.5,572,8
2021,162,0,29926,Danny Lee,71.5,572,8
2021,165,0,23621,Rory Sabbatini,71.54,930,13
2021,166,0,28420,Ryan Brehm,71.56,644,9
2021,167,0,45609,Tyler Duncan,71.57,1002,14
2021,168,0,27554,Scott Harrington,71.58,859,12
2021,168,0,39324,J.J. Spaun,71.58,859,12
2021,170,0,35310,Lanto Griffin,71.61,1289,18
2021,171,0,28679,Fabián Gómez,71.67,430,6
2021,172,0,25804,Bubba Watson,71.73,1076,15
2021,173,0,32254,Xinjun Zhang,71.75,574,8
2021,174,0,40098,Matt Fitzpatrick,71.79,1005,14
2021,175,0,31557,Jim Herman,71.82,790,11
2021,176,0,26499,Rafa Cabrera Bello,71.83,862,12
2021,177,0,30911,Tommy Fleetwood,71.85,934,13
2021,178,0,35658,Kris Ventura,71.88,575,8
2021,179,0,22371,Aaron Baddeley,72.0,504,7
2021,179,0,47128,Richy Werenski,72.0,1008,14
2021,181,0,56762,Will Gordon,72.07,1081,15
2021,181,0,27974,Sung Kang,72.07,1009,14
2021,183,0,32618,Rhein Gibson,72.14,505,7
2021,183,0,27936,Martin Laird,72.14,1010,14
2021,185,0,48887,Matt Wallace,72.18,794,11
2021,186,0,25686,Jason Dufner,72.2,1083,15
2021,186,0,34213,Grayson Murray,72.2,361,5
2021,188,0,31323,Gary Woodland,72.33,868,12
2021,189,0,1810,Phil Mickelson,72.36,1013,14
2021,190,0,25632,Jimmy Walker,72.67,872,12
2021,191,0,20396,Lee Westwood,72.77,946,13
2021,192,0,24357,K.J. Choi,72.83,437,6
2021,193,0,32139,Danny Willett,73.0,657,9
2021,194,0,27556,Ted Potter Jr.,73.33,660,9
2021,195,0,27141,J.B. Holmes,74.14,519,7
2021,196,0,24781,Hunter Mahan,74.75,299,4
2020,1,1,29221,Webb Simpson,67.83,814,12
2020,2,-1,47959,Bryson DeChambeau,68.0,952,14
2020,3,1,29535,Brice Garnett,68.11,613,9
2020,4,1,56762,Will Gordon,68.17,409,6
2020,5,3,46970,Jon Rahm,68.29,956,14
2020,5,4,34360,Patrick Reed,68.29,1161,17
2020,7,2,33448,Justin Thomas,68.33,1025,15
2020,8,-5,40026,Daniel Berger,68.4,1026,15
2020,8,-2,49960,Sepp Straka,68.4,684,10
2020,10,-3,27644,Brian Harman,68.41,1163,17
2020,11,0,35230,Nelson Ledesma,68.67,206,3
2020,11,0,36871,Matthew NeSmith,68.67,824,12
2020,13,3,48081,Xander Schauffele,68.71,1168,17
2020,14,-1,49766,Hank Lebioda,68.75,550,8
2020,15,-1,33204,Shane Lowry,68.78,619,9
2020,16,2,30925,Dustin Johnson,68.82,757,11
2020,17,-2,22405,Justin Rose,68.83,413,6
2020,18,3,23320,Ryan Palmer,68.87,1033,15
2020,19,-2,27064,Jhonattan Vegas,68.89,620,9
2020,20,-1,30944,Jason Kokrak,68.91,758,11
2020,21,16,34363,Tyrrell Hatton,69.0,690,10
2020,21,-1,32839,Hideki Matsuyama,69.0,1173,17
2020,21,0,27649,Brandt Snedeker,69.0,690,10
2020,24,-1,31560,Brian Stuard,69.06,1105,16
2020,25,-1,26499,Rafa Cabrera Bello,69.1,691,10
2020,26,-1,46442,Maverick McNealy,69.13,1106,16
2020,26,-1,49771,J.T. Poston,69.13,1106,16
2020,28,2,28089,Jason Day,69.2,692,10
2020,29,4,29268,Bronson Burgoon,69.22,623,9
2020,29,4,30911,Tommy Fleetwood,69.22,623,9
2020,29,4,35449,Adam Long,69.22,1246,18
2020,32,-4,29420,Billy Horschel,69.24,1177,17
2020,33,3,52375,Doug Ghim,69.25,277,4
2020,34,3,46441,Robby Shelton,69.33,832,12
2020,35,-7,45526,Abraham Ancer,69.35,1179,17
2020,35,4,53165,Doc Redman,69.35,1179,17
2020,37,3,19803,Ryan Armour,69.38,555,8
2020,38,3,39997,Corey Conners,69.4,1041,15
2020,38,-6,45486,Joaquin Niemann,69.4,1041,15
2020,40,2,26758,David Hearn,69.43,486,7
2020,40,2,30163,Henrik Norlander,69.43,972,14
2020,42,2,33399,Adam Hadwin,69.47,1042,15
2020,43,2,21407,Arjun Atwal,69.5,278,4
2020,44,2,34256,Andrew Putnam,69.57,487,7
2020,45,2,34098,Russell Henley,69.58,835,12
2020,46,2,33948,Byeong Hun An,69.6,1044,15
2020,46,2,45157,Cam Davis,69.6,696,10
2020,48,11,34099,Harris English,69.67,1254,18
2020,48,2,28252,Seamus Power,69.67,418,6
2020,48,2,27330,Josh Teater,69.67,418,6
2020,48,2,51894,Vince Whaley,69.67,418,6
2020,52,1,25804,Bubba Watson,69.69,906,13
2020,53,1,33122,Russell Knox,69.7,697,10
2020,54,1,22056,Cameron Percy,69.71,488,7
2020,55,1,35450,Patrick Cantlay,69.73,767,11
2020,56,1,25900,Lucas Glover,69.75,837,12
2020,57,1,21209,Sergio Garcia,69.8,698,10
2020,58,1,47504,Sam Burns,69.82,768,11
2020,59,2,32333,Kevin Tway,69.83,419,6
2020,60,2,39971,Sungjae Im,69.86,1467,21
2020,60,3,37189,Harold Varner III,69.86,978,14
2020,62,3,24138,Ian Poulter,69.91,769,11
2020,63,4,48045,Michael Gellerman,70.0,420,6
2020,63,1,35310,Lanto Griffin,70.0,1400,20
2020,63,4,46550,Brandon Hagy,70.0,490,7
2020,63,29,48822,Sebastián Muñoz,70.0,1120,16
2020,63,4,27349,Alex Noren,70.0,840,12
2020,63,32,46046,Scottie Scheffler,70.0,1260,18
2020,63,4,24502,Adam Scott,70.0,630,9
2020,63,3,35891,Cameron Smith,70.0,910,13
2020,63,4,30110,Kyle Stanley,70.0,490,7
2020,63,4,35658,Kris Ventura,70.0,420,6
2020,63,4,49964,Aaron Wise,70.0,350,5
2020,63,4,31323,Gary Woodland,70.0,980,14
2020,75,1,34076,Joel Dahmen,70.06,1191,17
2020,75,1,47993,Denny McCarthy,70.06,1191,17
2020,77,1,34021,Bud Cauley,70.08,841,12
2020,78,1,23325,Vaughn Taylor,70.09,771,11
2020,79,1,29970,Dylan Frittelli,70.12,1192,17
2020,79,2,46717,Viktor Hovland,70.12,1192,17
2020,81,18,28237,Rory McIlroy,70.13,1052,15
2020,81,-14,25396,Kevin Na,70.13,1052,15
2020,81,0,56278,Matthew Wolff,70.13,1122,16
2020,84,-1,22371,Aaron Baddeley,70.14,491,7
2020,84,-1,32662,Michael Gligic,70.14,491,7
2020,84,-1,49298,Kramer Hickok,70.14,491,7
2020,84,-1,30692,Scott Stallings,70.14,982,14
2020,88,-1,29518,Brendan Steele,70.15,912,13
2020,89,-1,40098,Matt Fitzpatrick,70.17,842,12
2020,89,-1,27095,Nick Watney,70.17,421,6
2020,91,0,29484,Peter Uihlein,70.25,562,8
2020,92,0,31646,Emiliano Grillo,70.27,773,11
2020,92,-2,29478,Kevin Kisner,70.27,1054,15
2020,94,0,46402,Talor Gooch,70.28,1265,18
2020,95,0,47347,Adam Schenk,70.29,984,14
2020,96,1,29926,Danny Lee,70.31,914,13
2020,96,1,27214,Kevin Streelman,70.31,914,13
2020,98,1,37275,Sam Ryder,70.36,774,11
2020,99,5,50525,Collin Morikawa,70.37,1337,19
2020,100,1,25572,Graeme McDowell,70.38,563,8
2020,101,1,27942,Rob Oppenheim,70.4,704,10
2020,102,1,33667,Carlos Ortiz,70.43,986,14
2020,103,1,34255,Joseph Bramlett,70.44,634,9
2020,104,2,40058,Zac Blair,70.45,775,11
2020,104,2,24361,Pat Perez,70.45,775,11
2020,104,2,47128,Richy Werenski,70.45,775,11
2020,107,2,21961,Charles Howell III,70.5,987,14
2020,107,2,23108,Matt Kuchar,70.5,846,12
2020,107,2,27556,Ted Potter Jr.,70.5,282,4
2020,107,2,48119,Ben Taylor,70.5,282,4
2020,111,2,25364,Paul Casey,70.54,917,13
2020,112,2,26300,Matt Jones,70.56,1129,16
2020,113,2,33419,Cameron Tringale,70.57,988,14
2020,114,2,32448,James Hahn,70.6,353,5
2020,114,2,33449,Zack Sucher,70.6,353,5
2020,114,2,32150,Michael Thompson,70.6,706,10
2020,117,2,35532,Tom Hoge,70.62,918,13
2020,118,2,32102,Rickie Fowler,70.63,565,8
2020,118,2,26596,Ryan Moore,70.63,565,8
2020,118,2,25349,Tim Wilkinson,70.63,565,8
2020,121,2,35461,Beau Hossler,70.67,848,12
2020,121,2,33413,Ben Martin,70.67,424,6
2020,121,2,48887,Matt Wallace,70.67,636,9
2020,124,2,45609,Tyler Duncan,70.69,1131,16
2020,125,2,39953,Chase Seiffert,70.7,707,10
2020,126,2,23788,D.J. Trahan,70.71,495,7
2020,127,3,34563,Chesson Hadley,70.73,778,11
2020,127,3,25493,Nick Taylor,70.73,778,11
2020,129,1,29725,Tony Finau,70.75,1132,16
2020,129,4,33597,Harry Higgs,70.75,1132,16
2020,129,4,27129,Luke List,70.75,849,12
2020,132,18,26851,Marc Leishman,70.77,920,13
2020,132,3,23621,Rory Sabbatini,70.77,920,13
2020,132,3,32254,Xinjun Zhang,70.77,920,13
2020,135,2,52372,Cameron Champ,70.8,1062,15
2020,136,3,32791,K.H. Lee,70.83,850,12
2020,136,3,33486,Roger Sloan,70.83,425,6
2020,136,3,34431,Robert Streb,70.83,425,6
2020,136,3,27963,Chris Stroud,70.83,425,6
2020,140,3,27936,Martin Laird,70.86,496,7
2020,141,3,34314,Sebastian Cappelen,70.88,567,8
2020,141,3,32757,Patton Kizzire,70.88,567,8
2020,143,3,28679,Fabián Gómez,70.89,638,9
2020,143,3,1810,Phil Mickelson,70.89,638,9
2020,143,3,29908,C.T. Pan,70.89,638,9
2020,146,3,46435,Austin Cook,70.9,709,10
2020,147,4,34046,Jordan Spieth,70.93,993,14
2020,148,4,36801,Mark Hubbard,70.95,1348,19
2020,149,4,33141,Keegan Bradley,71.0,994,14
2020,149,4,24024,Zach Johnson,71.0,852,12
2020,149,4,32640,Troy Merritt,71.0,923,13
2020,152,5,37455,Si Woo Kim,71.07,995,14
2020,153,5,12716,Charley Hoffman,71.1,711,10
2020,153,5,33410,Andrew Landry,71.1,711,10
2020,155,5,39324,J.J. Spaun,71.11,640,9
2020,156,5,33404,Chris Baker,71.13,569,8
2020,156,5,28775,Nate Lashley,71.13,569,8
2020,158,5,10809,Jim Furyk,71.17,427,6
2020,158,5,33490,Bo Hoag,71.17,854,12
2020,158,13,35506,Mackenzie Hughes,71.17,854,12
2020,161,4,40009,Dominic Bozzelli,71.2,356,5
2020,162,-6,30927,Brendon Todd,71.22,1282,18
2020,163,3,34466,Peter Malnati,71.25,570,8
2020,164,3,26329,Louis Oosthuizen,71.27,784,11
2020,165,3,27554,Scott Harrington,71.36,785,11
2020,166,3,29974,Branden Grace,71.4,357,5
2020,167,4,39546,Keith Mitchell,71.55,787,11
2020,168,5,29479,Scott Brown,71.56,644,9
2020,169,5,34213,Grayson Murray,71.6,358,5
2020,170,5,51766,Wyndham Clark,71.67,645,9
2020,170,5,19846,Brian Gay,71.67,645,9
2020,172,5,39977,Max Homa,71.71,1004,14
2020,172,5,36689,Brooks Koepka,71.71,502,7
2020,174,5,25818,Scott Piercy,71.79,1005,14
2020,175,6,36699,Patrick Rodgers,71.95,1367,19
2020,176,6,31420,Anirban Lahiri,72.0,288,4
2020,177,6,27974,Sung Kang,72.07,1009,14
2020,178,6,33120,Mark Anderson,72.13,577,8
2020,178,6,26476,Chez Reavie,72.13,1154,16
2020,180,6,24924,Bill Haas,72.14,505,7
2020,181,6,31557,Jim Herman,72.22,650,9
2020,182,6,32366,Kevin Chappell,72.29,506,7
2020,183,6,32618,Rhein Gibson,72.33,651,9
2020,183,6,40042,Tyler McCumber,72.33,651,9
2020,185,6,28420,Ryan Brehm,72.44,652,9
2020,186,6,20229,Stewart Cink,72.64,799,11
2020,187,6,35732,Wes Roach,72.86,510,7
2020,188,6,25686,Jason Dufner,72.92,875,12
2020,189,6,23623,Bo Van Pelt,73.0,292,4
2020,189,6,32139,Danny Willett,73.0,511,7
2020,191,7,25632,Jimmy Walker,73.17,439,6
2020,192,7,28307,Matt Every,74.83,449,6
2020,193,8,35617,Martin Trainer,78.0,156,2
2019,1,0,23320,Ryan Palmer,68.38,889,13
2019,2,0,49303,Anders Albertson,68.43,479,7
2019,3,0,29221,Webb Simpson,68.53,1302,19
2019,4,0,47993,Denny McCarthy,68.64,961,14
2019,5,0,29535,Brice Garnett,68.73,1031,15
2019,5,0,32640,Troy Merritt,68.73,756,11
2019,7,0,33448,Justin Thomas,68.76,1169,17
2019,8,0,47959,Bryson DeChambeau,68.81,1101,16
2019,9,0,36699,Patrick Rodgers,68.86,482,7
2019,10,0,39971,Sungjae Im,68.96,1655,24
2019,11,0,31557,Jim Herman,69.0,207,3
2019,11,0,26851,Marc Leishman,69.0,1104,16
2019,13,0,24502,Adam Scott,69.08,898,13
2019,14,0,46402,Talor Gooch,69.11,622,9
2019,15,0,35450,Patrick Cantlay,69.12,1175,17
2019,16,0,36689,Brooks Koepka,69.17,1245,18
2019,16,0,31323,Gary Woodland,69.17,1245,18
2019,18,0,26596,Ryan Moore,69.2,1038,15
2019,19,0,37340,Chase Wright,69.22,623,9
2019,20,0,45609,Tyler Duncan,69.23,900,13
2019,21,0,37455,Si Woo Kim,69.27,1039,15
2019,22,0,45157,Cam Davis,69.31,901,13
2019,23,0,30110,Kyle Stanley,69.33,1040,15
2019,24,0,21961,Charles Howell III,69.35,1387,20
2019,25,0,47504,Sam Burns,69.36,971,14
2019,25,0,26951,Johnson Wagner,69.36,763,11
2019,27,0,34021,Bud Cauley,69.4,1041,15
2019,28,0,24781,Hunter Mahan,69.43,486,7
2019,29,0,34264,Hudson Swafford,69.44,625,9
2019,30,0,25364,Paul Casey,69.53,1182,17
2019,30,0,37275,Sam Ryder,69.53,1043,15
2019,30,0,32333,Kevin Tway,69.53,1043,15
2019,33,0,25900,Lucas Glover,69.55,1391,20
2019,34,0,27644,Brian Harman,69.56,1113,16
2019,34,0,28237,Rory McIlroy,69.56,1113,16
2019,36,0,30978,Kiradech Aphibarnrat,69.58,835,12
2019,37,0,29420,Billy Horschel,69.59,1531,22
2019,38,0,20572,Rod Pampling,69.6,348,5
2019,39,0,28089,Jason Day,69.64,975,14
2019,39,0,34098,Russell Henley,69.64,766,11
2019,41,0,48081,Xander Schauffele,69.65,1184,17
2019,42,0,32757,Patton Kizzire,69.67,836,12
2019,43,0,28679,Fabián Gómez,69.7,697,10
2019,43,0,45486,Joaquin Niemann,69.7,1394,20
2019,43,0,32058,José de Jesús Rodríguez,69.7,697,10
2019,46,0,39997,Corey Conners,69.73,1046,15
2019,46,0,36799,Stephan Jaeger,69.73,767,11
2019,48,0,19803,Ryan Armour,69.76,1186,17
2019,49,0,30944,Jason Kokrak,69.77,1535,22
2019,50,0,25632,Jimmy Walker,69.79,977,14
2019,51,0,26499,Rafa Cabrera Bello,69.81,1117,16
2019,52,0,46523,Joey Garber,69.86,489,7
2019,53,0,33948,Byeong Hun An,69.88,1188,17
2019,54,0,28252,Seamus Power,69.9,699,10
2019,54,0,40115,Adam Svensson,69.9,699,10
2019,56,0,33418,Shawn Stefani,69.92,909,13
2019,57,0,33667,Carlos Ortiz,69.93,979,14
2019,57,0,47128,Richy Werenski,69.93,1049,15
2019,59,0,31560,Brian Stuard,69.95,1329,19
2019,60,0,40009,Dominic Bozzelli,70.0,770,11
2019,60,0,24024,Zach Johnson,70.0,910,13
2019,60,0,47990,Kyle Jones,70.0,490,7
2019,60,0,27974,Sung Kang,70.0,1050,15
2019,60,0,32839,Hideki Matsuyama,70.0,1470,21
2019,60,0,23325,Vaughn Taylor,70.0,1260,18
2019,66,0,29478,Kevin Kisner,70.05,1401,20
2019,67,0,33419,Cameron Tringale,70.08,911,13
2019,68,0,31420,Anirban Lahiri,70.09,771,11
2019,69,0,35449,Adam Long,70.1,701,10
2019,70,0,46970,Jon Rahm,70.13,1122,16
2019,71,0,23621,Rory Sabbatini,70.14,1473,21
2019,72,0,25818,Scott Piercy,70.15,1403,20
2019,73,0,46601,Trey Mullinax,70.17,842,12
2019,74,0,35732,Wes Roach,70.18,772,11
2019,75,0,51766,Wyndham Clark,70.19,1123,16
2019,75,0,37189,Harold Varner III,70.19,1123,16
2019,77,0,48822,Sebastián Muñoz,70.2,1053,15
2019,77,0,34431,Robert Streb,70.2,702,10
2019,79,0,47347,Adam Schenk,70.25,1405,20
2019,80,0,26300,Matt Jones,70.27,1054,15
2019,80,0,27330,Josh Teater,70.27,773,11
2019,82,0,27895,Jonas Blixt,70.29,984,14
2019,82,0,34256,Andrew Putnam,70.29,1195,17
2019,82,0,49964,Aaron Wise,70.29,984,14
2019,85,0,49766,Hank Lebioda,70.31,914,13
2019,86,0,26758,David Hearn,70.33,422,6
2019,86,0,49960,Sepp Straka,70.33,844,12
2019,86,0,27214,Kevin Streelman,70.33,1055,15
2019,86,0,27064,Jhonattan Vegas,70.33,1055,15
2019,90,0,34563,Chesson Hadley,70.36,774,11
2019,91,0,52372,Cameron Champ,70.38,915,13
2019,92,0,27649,Brandt Snedeker,70.39,1619,23
2019,93,0,30786,Brady Schnell,70.4,352,5
2019,94,0,45526,Abraham Ancer,70.42,1338,19
2019,94,0,27556,Ted Potter Jr.,70.42,845,12
2019,96,0,34360,Patrick Reed,70.43,1479,21
2019,97,0,33122,Russell Knox,70.44,1127,16
2019,98,0,29518,Brendan Steele,70.45,775,11
2019,99,0,29484,Peter Uihlein,70.46,916,13
2019,100,0,33486,Roger Sloan,70.47,1057,15
2019,101,0,39546,Keith Mitchell,70.5,1128,16
2019,102,0,29725,Tony Finau,70.53,1340,19
2019,102,0,10809,Jim Furyk,70.53,1058,15
2019,102,0,39977,Max Homa,70.53,1058,15
2019,102,0,29908,C.T. Pan,70.53,1199,17
2019,106,0,32150,Michael Thompson,70.54,917,13
2019,107,0,6522,Ernie Els,70.56,635,9
2019,108,0,25804,Bubba Watson,70.58,847,12
2019,109,0,29970,Dylan Frittelli,70.59,1200,17
2019,110,0,23353,J.J. Henry,70.6,353,5
2019,110,0,26476,Chez Reavie,70.6,1412,20
2019,112,0,36852,Jim Knous,70.63,565,8
2019,112,0,27963,Chris Stroud,70.63,565,8
2019,114,0,28259,Sangmoon Bae,70.67,424,6
2019,114,0,24925,Jonathan Byrd,70.67,636,9
2019,116,0,30946,Alex Prugh,70.7,707,10
2019,117,0,29479,Scott Brown,70.71,990,14
2019,117,0,19846,Brian Gay,70.71,1202,17
2019,117,0,33410,Andrew Landry,70.71,990,14
2019,117,0,28775,Nate Lashley,70.71,990,14
2019,121,0,34099,Harris English,70.74,1344,19
2019,122,0,40026,Daniel Berger,70.79,991,14
2019,123,0,32102,Rickie Fowler,70.83,1275,18
2019,124,0,49298,Kramer Hickok,70.85,921,13
2019,125,0,34466,Peter Malnati,70.87,1063,15
2019,126,0,30925,Dustin Johnson,70.88,1205,17
2019,126,0,27095,Nick Watney,70.88,1134,16
2019,128,0,23108,Matt Kuchar,70.89,1347,19
2019,129,0,22371,Aaron Baddeley,70.9,709,10
2019,130,0,46501,Ollie Schniederjans,70.91,780,11
2019,131,0,34261,Scott Langley,70.92,851,12
2019,132,0,32200,Roberto Castro,70.93,1064,15
2019,132,0,26329,Louis Oosthuizen,70.93,1064,15
2019,134,0,33141,Keegan Bradley,70.94,1277,18
2019,134,0,39324,J.J. Spaun,70.94,1206,17
2019,136,0,34076,Joel Dahmen,70.95,1419,20
2019,137,0,27958,Ryan Blaum,71.0,994,14
2019,137,0,46435,Austin Cook,71.0,639,9
2019,137,0,25686,Jason Dufner,71.0,710,10
2019,137,0,21209,Sergio Garcia,71.0,639,9
2019,137,0,33399,Adam Hadwin,71.0,1278,18
2019,137,0,35506,Mackenzie Hughes,71.0,923,13
2019,137,0,27129,Luke List,71.0,710,10
2019,137,0,1810,Phil Mickelson,71.0,781,11
2019,145,0,27936,Martin Laird,71.07,1066,15
2019,146,0,34363,Tyrrell Hatton,71.08,924,13
2019,146,0,35532,Tom Hoge,71.08,924,13
2019,146,0,21528,Henrik Stenson,71.08,853,12
2019,149,0,30191,Julián Etulain,71.09,782,11
2019,150,0,35376,Roberto Díaz,71.1,711,10
2019,150,0,39327,Ben Silverman,71.1,711,10
2019,152,0,29268,Bronson Burgoon,71.13,569,8
2019,152,0,29926,Danny Lee,71.13,1067,15
2019,152,0,25572,Graeme McDowell,71.13,1138,16
2019,155,0,25198,Francesco Molinari,71.15,925,13
2019,155,0,24138,Ian Poulter,71.15,925,13
2019,157,0,29223,Sam Saunders,71.18,783,11
2019,158,0,35891,Cameron Smith,71.19,1139,16
2019,159,0,49771,J.T. Poston,71.2,1424,20
2019,160,0,29974,Branden Grace,71.21,997,14
2019,160,0,35461,Beau Hossler,71.21,997,14
2019,160,0,25493,Nick Taylor,71.21,1353,19
2019,163,0,25396,Kevin Na,71.25,855,12
2019,163,0,32139,Danny Willett,71.25,855,12
2019,165,0,35421,Brandon Harkins,71.27,1069,15
2019,165,0,35879,Kelly Kraft,71.27,784,11
2019,167,0,31646,Emiliano Grillo,71.33,1284,18
2019,168,0,37454,Whee Kim,71.38,571,8
2019,169,0,30911,Tommy Fleetwood,71.44,1143,16
2019,170,0,22405,Justin Rose,71.47,1072,15
2019,171,0,37380,Curtis Luck,71.5,572,8
2019,172,0,34306,John Chin,71.67,430,6
2019,173,0,12716,Charley Hoffman,71.73,789,11
2019,174,0,24361,Pat Perez,71.75,861,12
2019,175,0,24924,Bill Haas,71.77,933,13
2019,176,0,47856,Seth Reeves,71.78,646,9
2019,177,0,20472,Alex Cejka,71.8,359,5
2019,178,0,40098,Matt Fitzpatrick,71.83,862,12
2019,178,0,35617,Martin Trainer,71.83,431,6
2019,180,0,27349,Alex Noren,71.85,934,13
2019,181,0,32791,K.H. Lee,72.0,936,13
2019,182,0,30692,Scott Stallings,72.08,937,13
2019,183,0,21731,Freddie Jacobson,72.14,505,7
2019,184,0,32816,Satoshi Kodaira,72.18,794,11
2019,185,0,39954,Cody Gribble,72.22,650,9
2019,186,0,27141,J.B. Holmes,72.25,867,12
2019,187,0,34046,Jordan Spieth,72.47,1232,17
2019,188,0,39975,Michael Kim,73.5,294,4
2018,1,0,36689,Brooks Koepka,68.27,1024,15
2018,2,0,32839,Hideki Matsuyama,68.38,1094,16
2018,3,0,30925,Dustin Johnson,68.44,1232,18
2018,4,0,1810,Phil Mickelson,68.65,1373,20
2018,4,0,33448,Justin Thomas,68.65,1373,20
2018,6,0,39328,Conrad Shindler,68.75,550,8
2018,7,0,30944,Jason Kokrak,68.8,1376,20
2018,8,0,25198,Francesco Molinari,69.0,1104,16
2018,8,0,22582,Kyle Thompson,69.0,138,2
2018,8,0,49964,Aaron Wise,69.0,1104,16
2018,11,0,22405,Justin Rose,69.13,1106,16
2018,12,0,24024,Zach Johnson,69.15,1383,20
2018,13,0,34076,Joel Dahmen,69.2,1038,15
2018,14,0,26499,Rafa Cabrera Bello,69.24,1177,17
2018,15,0,32757,Patton Kizzire,69.25,1108,16
2018,16,0,39546,Keith Mitchell,69.3,1386,20
2018,17,0,30911,Tommy Fleetwood,69.31,1109,16
2018,18,0,39324,J.J. Spaun,69.33,1040,15
2018,19,0,29221,Webb Simpson,69.38,1457,21
2018,20,0,28775,Nate Lashley,69.43,486,7
2018,21,0,29420,Billy Horschel,69.44,1111,16
2018,22,0,40009,Dominic Bozzelli,69.45,764,11
2018,23,0,20472,Alex Cejka,69.46,903,13
2018,24,0,25396,Kevin Na,69.47,1320,19
2018,25,0,36699,Patrick Rodgers,69.5,1251,18
2018,26,0,29974,Branden Grace,69.53,1043,15
2018,27,0,47959,Bryson DeChambeau,69.55,1530,22
2018,28,0,28679,Fabián Gómez,69.57,974,14
2018,29,0,34363,Tyrrell Hatton,69.58,835,12
2018,30,0,34046,Jordan Spieth,69.59,1183,17
2018,31,0,29725,Tony Finau,69.61,1601,23
2018,32,0,34098,Russell Henley,69.67,1045,15
2018,32,0,25493,Nick Taylor,69.67,1045,15
2018,34,0,25364,Paul Casey,69.69,1115,16
2018,34,0,36799,Stephan Jaeger,69.69,906,13
2018,34,0,27349,Alex Noren,69.69,906,13
2018,34,0,28252,Seamus Power,69.69,906,13
2018,34,0,27649,Brandt Snedeker,69.69,1115,16
2018,39,0,34099,Harris English,69.7,697,10
2018,40,0,35891,Cameron Smith,69.71,1185,17
2018,41,0,8793,Tiger Woods,69.75,1116,16
2018,42,0,24502,Adam Scott,69.76,1186,17
2018,43,0,47128,Richy Werenski,69.8,1047,15
2018,44,0,34563,Chesson Hadley,69.85,1397,20
2018,45,0,45609,Tyler Duncan,69.87,1048,15
2018,45,0,31202,William McGirt,69.87,1048,15
2018,47,0,32448,James Hahn,69.88,1118,16
2018,47,0,30692,Scott Stallings,69.88,1118,16
2018,49,0,27958,Ryan Blaum,69.92,839,12
2018,49,0,21528,Henrik Stenson,69.92,909,13
2018,51,0,26476,Chez Reavie,69.94,1189,17
2018,52,0,35450,Patrick Cantlay,69.95,1329,19
2018,52,0,29908,C.T. Pan,69.95,1399,20
2018,54,0,35545,Blayne Barber,70.0,840,12
2018,54,0,32366,Kevin Chappell,70.0,1050,15
2018,54,0,32102,Rickie Fowler,70.0,1190,17
2018,54,0,33399,Adam Hadwin,70.0,1400,20
2018,54,0,35421,Brandon Harkins,70.0,1330,19
2018,54,0,37278,Nicholas Lindheim,70.0,770,11
2018,54,0,28237,Rory McIlroy,70.0,910,13
2018,54,0,27942,Rob Oppenheim,70.0,700,10
2018,54,0,29484,Peter Uihlein,70.0,1050,15
2018,54,0,31323,Gary Woodland,70.0,1400,20
2018,64,0,21961,Charles Howell III,70.04,1611,23
2018,65,0,24925,Jonathan Byrd,70.13,561,8
2018,66,0,33204,Shane Lowry,70.18,772,11
2018,67,0,28089,Jason Day,70.19,1123,16
2018,67,0,19846,Brian Gay,70.19,1474,21
2018,67,0,25632,Jimmy Walker,70.19,1123,16
2018,70,0,23353,J.J. Henry,70.2,702,10
2018,70,0,34409,David Lingmerth,70.2,1053,15
2018,72,0,34360,Patrick Reed,70.22,1264,18
2018,73,0,46601,Trey Mullinax,70.23,913,13
2018,74,0,25804,Bubba Watson,70.24,1194,17
2018,75,0,33413,Ben Martin,70.25,843,12
2018,76,0,31416,Derek Fathauer,70.31,914,13
2018,77,0,31646,Emiliano Grillo,70.36,1548,22
2018,77,0,32150,Michael Thompson,70.36,774,11
2018,79,0,30926,Chris Kirk,70.38,1689,24
2018,79,0,29223,Sam Saunders,70.38,915,13
2018,81,0,20229,Stewart Cink,70.39,1267,18
2018,82,0,22056,Cameron Percy,70.4,704,10
2018,83,0,46435,Austin Cook,70.42,1690,24
2018,83,0,33122,Russell Knox,70.42,1338,19
2018,85,0,47347,Adam Schenk,70.46,916,13
2018,86,0,37275,Sam Ryder,70.47,1057,15
2018,86,0,31560,Brian Stuard,70.47,1198,17
2018,86,0,23325,Vaughn Taylor,70.47,1057,15
2018,89,0,26758,David Hearn,70.5,705,10
2018,89,0,26329,Louis Oosthuizen,70.5,846,12
2018,91,0,40026,Daniel Berger,70.53,1199,17
2018,92,0,19803,Ryan Armour,70.55,1552,22
2018,93,0,33418,Shawn Stefani,70.58,847,12
2018,94,0,34174,John Huh,70.59,1200,17
2018,95,0,27214,Kevin Streelman,70.6,1412,20
2018,96,0,23320,Ryan Palmer,70.64,777,11
2018,96,0,32254,Xinjun Zhang,70.64,777,11
2018,98,0,26596,Ryan Moore,70.65,1201,17
2018,99,0,29926,Danny Lee,70.67,1060,15
2018,100,0,33141,Keegan Bradley,70.71,1485,21
2018,100,0,46501,Ollie Schniederjans,70.71,1202,17
2018,102,0,29268,Bronson Burgoon,70.73,778,11
2018,102,0,29485,Brett Stegmaier,70.73,778,11
2018,104,0,20157,Retief Goosen,70.75,566,8
2018,104,0,27936,Martin Laird,70.75,849,12
2018,106,0,39954,Cody Gribble,70.78,637,9
2018,107,0,24138,Ian Poulter,70.79,991,14
2018,108,0,24846,Ricky Barnes,70.8,708,10
2018,108,0,10809,Jim Furyk,70.8,708,10
2018,108,0,29478,Kevin Kisner,70.8,1062,15
2018,111,0,24361,Pat Perez,70.81,1133,16
2018,112,0,29222,Billy Hurley III,70.83,425,6
2018,113,0,22371,Aaron Baddeley,70.86,992,14
2018,114,0,46970,Jon Rahm,70.87,1063,15
2018,115,0,34256,Andrew Putnam,70.88,1205,17
2018,116,0,23541,Ben Crane,70.9,709,10
2018,117,0,47993,Denny McCarthy,70.91,780,11
2018,118,0,33410,Andrew Landry,70.93,1064,15
2018,118,0,26951,Johnson Wagner,70.93,1064,15
2018,120,0,23108,Matt Kuchar,70.94,1277,18
2018,121,0,37455,Si Woo Kim,70.95,1561,22
2018,121,0,27095,Nick Watney,70.95,1419,20
2018,123,0,28500,Martin Flores,71.0,1065,15
2018,123,0,27141,J.B. Holmes,71.0,994,14
2018,123,0,35506,Mackenzie Hughes,71.0,781,11
2018,123,0,27129,Luke List,71.0,1349,19
2018,123,0,50526,Tom Lovelady,71.0,994,14
2018,123,0,34466,Peter Malnati,71.0,1065,15
2018,129,0,33948,Byeong Hun An,71.05,1350,19
2018,130,0,35310,Lanto Griffin,71.08,853,12
2018,131,0,26851,Marc Leishman,71.1,1493,21
2018,132,0,23621,Rory Sabbatini,71.11,1351,19
2018,133,0,35879,Kelly Kraft,71.13,1067,15
2018,134,0,32816,Satoshi Kodaira,71.14,498,7
2018,135,0,34358,Jonathan Randolph,71.2,712,10
2018,136,0,49771,J.T. Poston,71.21,997,14
2018,137,0,12510,Chad Campbell,71.23,926,13
2018,137,0,29518,Brendan Steele,71.23,926,13
2018,139,0,29479,Scott Brown,71.29,1212,17
2018,139,0,12716,Charley Hoffman,71.29,1212,17
2018,141,0,45526,Abraham Ancer,71.3,1426,20
2018,141,0,32333,Kevin Tway,71.3,1640,23
2018,143,0,25818,Scott Piercy,71.31,1141,16
2018,143,0,27963,Chris Stroud,71.31,927,13
2018,145,0,26300,Matt Jones,71.33,642,9
2018,146,0,24924,Bill Haas,71.36,785,11
2018,146,0,25572,Graeme McDowell,71.36,785,11
2018,148,0,25900,Lucas Glover,71.38,928,13
2018,148,0,35532,Tom Hoge,71.38,1142,16
2018,150,0,27644,Brian Harman,71.43,1500,21
2018,151,0,37189,Harold Varner III,71.44,1286,18
2018,152,0,34021,Bud Cauley,71.45,786,11
2018,152,0,24140,Sean O'Hair,71.45,786,11
2018,152,0,32876,Martin Piller,71.45,786,11
2018,155,0,30978,Kiradech Aphibarnrat,71.5,715,10
2018,155,0,34431,Robert Streb,71.5,572,8
2018,157,0,27556,Ted Potter Jr.,71.53,1073,15
2018,158,0,24358,Robert Garrigus,71.54,930,13
2018,159,0,27895,Jonas Blixt,71.56,644,9
2018,160,0,39997,Corey Conners,71.6,1432,20
2018,160,0,37454,Whee Kim,71.6,1074,15
2018,162,0,29535,Brice Garnett,71.61,1289,18
2018,163,0,32640,Troy Merritt,71.63,1146,16
2018,164,0,34264,Hudson Swafford,71.69,932,13
2018,165,0,31420,Anirban Lahiri,71.71,1219,17
2018,166,0,39327,Ben Silverman,71.73,1076,15
2018,167,0,27064,Jhonattan Vegas,71.78,1292,18
2018,167,0,25892,Steve Wheatcroft,71.78,646,9
2018,169,0,35376,Roberto Díaz,71.82,790,11
2018,170,0,20572,Rod Pampling,71.89,647,9
2018,171,0,46402,Talor Gooch,71.91,791,11
2018,171,0,24781,Hunter Mahan,71.91,791,11
2018,173,0,25686,Jason Dufner,71.92,863,12
2018,174,0,48081,Xander Schauffele,71.95,1439,20
2018,175,0,48084,Wesley Bryan,72.0,864,12
2018,176,0,29461,Jamie Lovemark,72.05,1369,19
2018,177,0,35461,Beau Hossler,72.08,1730,24
2018,178,0,26331,Charl Schwartzel,72.09,793,11
2018,179,0,28307,Matt Every,72.1,721,10
2018,180,0,30110,Kyle Stanley,72.11,1370,19
2018,181,0,28132,Tyrone Van Aswegen,72.24,1228,17
2018,182,0,25240,D.A. Points,72.33,434,6
2018,183,0,39975,Michael Kim,72.44,652,9
2018,184,0,47287,Ethan Tracy,72.45,797,11
2018,185,0,40058,Zac Blair,72.6,726,10
2018,186,0,27974,Sung Kang,72.67,1090,15
2018,187,0,37338,Zecheng Dou,72.75,291,4
2018,188,0,34213,Grayson Murray,72.93,1094,15
2018,189,0,33419,Cameron Tringale,73.0,511,7
2018,189,0,35544,Andrew Yun,73.0,73,1
2018,191,0,25834,Daniel Summerhays,73.2,366,5
2018,192,0,47125,Matt Atkins,73.33,440,6
2018,192,0,20593,Greg Chalmers,73.33,440,6
2017,1,0,34046,Jordan Spieth,68.44,1232,18
2017,2,0,32150,Michael Thompson,68.5,548,8
2017,3,0,33448,Justin Thomas,68.75,1100,16
2017,4,0,32839,Hideki Matsuyama,68.78,1238,18
2017,5,0,30925,Dustin Johnson,68.81,1101,16
2017,6,0,48081,Xander Schauffele,68.94,1241,18
2017,7,0,28500,Martin Flores,69.0,966,14
2017,7,0,25198,Francesco Molinari,69.0,1104,16
2017,9,0,28237,Rory McIlroy,69.18,761,11
2017,10,0,46970,Jon Rahm,69.21,1315,19
2017,11,0,25396,Kevin Na,69.24,1177,17
2017,12,0,47959,Bryson DeChambeau,69.36,971,14
2017,13,0,20472,Alex Cejka,69.42,833,12
2017,14,0,24502,Adam Scott,69.46,903,13
2017,15,0,24358,Robert Garrigus,69.5,834,12
2017,15,0,29720,Andres Gonzales,69.5,834,12
2017,15,0,23108,Matt Kuchar,69.5,1390,20
2017,15,0,29926,Danny Lee,69.5,1112,16
2017,19,0,27649,Brandt Snedeker,69.55,765,11
2017,20,0,24924,Bill Haas,69.56,1252,18
2017,21,0,23621,Rory Sabbatini,69.58,835,12
2017,22,0,26851,Marc Leishman,69.62,1462,21
2017,23,0,24138,Ian Poulter,69.67,1045,15
2017,24,0,29725,Tony Finau,69.71,1673,24
2017,25,0,32102,Rickie Fowler,69.72,1255,18
2017,26,0,29221,Webb Simpson,69.73,1534,22
2017,27,0,27644,Brian Harman,69.76,1465,21
2017,28,0,27466,Spencer Levin,69.83,838,12
2017,28,0,34264,Hudson Swafford,69.83,1257,18
2017,30,0,25349,Tim Wilkinson,69.9,699,10
2017,31,0,30110,Kyle Stanley,69.91,1538,22
2017,32,0,27095,Nick Watney,69.92,909,13
2017,33,0,26476,Chez Reavie,69.95,1399,20
2017,34,0,34099,Harris English,70.0,910,13
2017,34,0,46440,Smylie Kaufman,70.0,770,11
2017,34,0,36689,Brooks Koepka,70.0,1260,18
2017,34,0,27064,Jhonattan Vegas,70.0,1260,18
2017,38,0,27129,Luke List,70.05,1331,19
2017,39,0,29420,Billy Horschel,70.06,1121,16
2017,40,0,33141,Keegan Bradley,70.09,1612,23
2017,40,0,35879,Kelly Kraft,70.09,771,11
2017,42,0,27963,Chris Stroud,70.11,631,9
2017,43,0,24140,Sean O'Hair,70.13,1122,16
2017,44,0,40026,Daniel Berger,70.16,1333,19
2017,45,0,33120,Mark Anderson,70.17,421,6
2017,45,0,25191,Gonzalo Fernandez-Castaño,70.17,421,6
2017,45,0,20157,Retief Goosen,70.17,421,6
2017,48,0,39324,J.J. Spaun,70.18,1193,17
2017,49,0,33418,Shawn Stefani,70.2,702,10
2017,50,0,1810,Phil Mickelson,70.21,1334,19
2017,50,0,29289,S.Y. Noh,70.21,983,14
2017,52,0,48084,Wesley Bryan,70.22,1264,18
2017,52,0,24357,K.J. Choi,70.22,632,9
2017,54,0,35506,Mackenzie Hughes,70.23,1545,22
2017,55,0,34431,Robert Streb,70.24,1194,17
2017,56,0,47128,Richy Werenski,70.25,843,12
2017,57,0,27436,Graham DeLaet,70.27,1054,15
2017,57,0,34098,Russell Henley,70.27,1546,22
2017,57,0,32640,Troy Merritt,70.27,773,11
2017,57,0,22405,Justin Rose,70.27,1054,15
2017,61,0,32333,Kevin Tway,70.28,1265,18
2017,62,0,34021,Bud Cauley,70.29,1195,17
2017,62,0,24361,Pat Perez,70.29,1476,21
2017,62,0,25892,Steve Wheatcroft,70.29,492,7
2017,65,0,31557,Jim Herman,70.31,914,13
2017,66,0,27958,Ryan Blaum,70.33,1266,18
2017,66,0,40009,Dominic Bozzelli,70.33,633,9
2017,66,0,25720,Chad Collins,70.33,422,6
2017,66,0,28089,Jason Day,70.33,1055,15
2017,66,0,21209,Sergio Garcia,70.33,1055,15
2017,66,0,29223,Sam Saunders,70.33,844,12
2017,66,0,27770,Camilo Villegas,70.33,844,12
2017,73,0,33413,Ben Martin,70.36,985,14
2017,74,0,29518,Brendan Steele,70.37,1337,19
2017,75,0,26331,Charl Schwartzel,70.38,915,13
2017,76,0,26300,Matt Jones,70.4,704,10
2017,77,0,26499,Rafa Cabrera Bello,70.42,845,12
2017,78,0,28307,Matt Every,70.43,493,7
2017,78,0,19846,Brian Gay,70.43,986,14
2017,80,0,25364,Paul Casey,70.45,1550,22
2017,80,0,31323,Gary Woodland,70.45,1409,20
2017,82,0,46601,Trey Mullinax,70.47,1057,15
2017,82,0,26329,Louis Oosthuizen,70.47,1057,15
2017,84,0,12716,Charley Hoffman,70.48,1621,23
2017,85,0,10809,Jim Furyk,70.5,564,8
2017,85,0,35532,Tom Hoge,70.5,564,8
2017,85,0,25818,Scott Piercy,70.5,846,12
2017,85,0,23325,Vaughn Taylor,70.5,1269,18
2017,89,0,21961,Charles Howell III,70.53,1340,19
2017,89,0,29461,Jamie Lovemark,70.53,1340,19
2017,89,0,49771,J.T. Poston,70.53,1199,17
2017,92,0,32200,Roberto Castro,70.56,635,9
2017,92,0,27974,Sung Kang,70.56,1270,18
2017,94,0,46443,Brian Campbell,70.57,494,7
2017,94,0,34360,Patrick Reed,70.57,1623,23
2017,96,0,20771,Steven Alker,70.6,706,10
2017,96,0,19803,Ryan Armour,70.6,706,10
2017,98,0,22046,Geoff Ogilvy,70.62,918,13
2017,99,0,35545,Blayne Barber,70.67,848,12
2017,99,0,31416,Derek Fathauer,70.67,848,12
2017,99,0,46732,Rick Lamb,70.67,424,6
2017,99,0,46501,Ollie Schniederjans,70.67,1272,18
2017,99,0,25804,Bubba Watson,70.67,848,12
2017,104,0,27895,Jonas Blixt,70.7,707,10
2017,104,0,37454,Whee Kim,70.7,707,10
2017,106,0,46550,Brandon Hagy,70.71,990,14
2017,106,0,23320,Ryan Palmer,70.71,495,7
2017,108,0,12510,Chad Campbell,70.74,1344,19
2017,109,0,35450,Patrick Cantlay,70.75,849,12
2017,109,0,20229,Stewart Cink,70.75,1415,20
2017,109,0,35110,Brett Drewitt,70.75,566,8
2017,109,0,34174,John Huh,70.75,1132,16
2017,109,0,31560,Brian Stuard,70.75,849,12
2017,114,0,33399,Adam Hadwin,70.76,1486,21
2017,115,0,31420,Anirban Lahiri,70.79,991,14
2017,116,0,27936,Martin Laird,70.81,1133,16
2017,117,0,39975,Michael Kim,70.83,1275,18
2017,118,0,31646,Emiliano Grillo,70.84,1346,19
2017,119,0,23983,Luke Donald,70.86,496,7
2017,119,0,29222,Billy Hurley III,70.86,992,14
2017,119,0,34466,Peter Malnati,70.86,992,14
2017,122,0,35891,Cameron Smith,70.87,1063,15
2017,123,0,24024,Zach Johnson,70.88,1134,16
2017,124,0,30191,Julián Etulain,70.9,709,10
2017,124,0,25900,Lucas Glover,70.9,1418,20
2017,124,0,23497,Tag Ridings,70.9,709,10
2017,124,0,29485,Brett Stegmaier,70.9,709,10
2017,128,0,22056,Cameron Percy,70.91,780,11
2017,129,0,20572,Rod Pampling,70.92,922,13
2017,130,0,24846,Ricky Barnes,70.94,1135,16
2017,130,0,23353,J.J. Henry,70.94,1135,16
2017,132,0,32448,James Hahn,70.95,1419,20
2017,133,0,39954,Cody Gribble,71.0,781,11
2017,134,0,40058,Zac Blair,71.05,1350,19
2017,135,0,28132,Tyrone Van Aswegen,71.06,1208,17
2017,136,0,29974,Branden Grace,71.07,995,14
2017,136,0,33461,Morgan Hoffmann,71.07,1066,15
2017,138,0,32366,Kevin Chappell,71.1,1422,20
2017,139,0,22371,Aaron Baddeley,71.11,640,9
2017,139,0,28679,Fabián Gómez,71.11,640,9
2017,139,0,27214,Kevin Streelman,71.11,1280,18
2017,139,0,37189,Harold Varner III,71.11,1351,19
2017,143,0,23541,Ben Crane,71.13,1067,15
2017,144,0,29908,C.T. Pan,71.14,996,14
2017,144,0,26951,Johnson Wagner,71.14,498,7
2017,146,0,29478,Kevin Kisner,71.17,1637,23
2017,147,0,25240,D.A. Points,71.25,855,12
2017,148,0,30926,Chris Kirk,71.27,1069,15
2017,149,0,28252,Seamus Power,71.31,1141,16
2017,150,0,25686,Jason Dufner,71.32,1355,19
2017,151,0,26758,David Hearn,71.33,1070,15
2017,151,0,25632,Jimmy Walker,71.33,856,12
2017,153,0,27141,J.B. Holmes,71.35,1213,17
2017,154,0,25572,Graeme McDowell,71.36,785,11
2017,154,0,36699,Patrick Rodgers,71.36,785,11
2017,156,0,25493,Nick Taylor,71.37,1356,19
2017,157,0,33122,Russell Knox,71.38,928,13
2017,157,0,29476,Kyle Reifers,71.38,928,13
2017,159,0,36801,Mark Hubbard,71.45,786,11
2017,160,0,28420,Ryan Brehm,71.47,1072,15
2017,161,0,25274,Steven Bowditch,71.5,143,2
2017,161,0,33204,Shane Lowry,71.5,715,10
2017,163,0,29479,Scott Brown,71.53,1216,17
2017,164,0,30944,Jason Kokrak,71.58,1360,19
2017,165,0,26596,Ryan Moore,71.59,1217,17
2017,166,0,28093,Miguel Angel Carballo,71.63,573,8
2017,167,0,23800,Bryce Molder,71.64,788,11
2017,168,0,22986,Søren Kjeldsen,71.67,645,9
2017,168,0,34358,Jonathan Randolph,71.67,645,9
2017,170,0,26289,Boo Weekley,71.73,789,11
2017,171,0,37278,Nicholas Lindheim,71.78,646,9
2017,172,0,30692,Scott Stallings,71.79,1005,14
2017,173,0,33948,Byeong Hun An,71.81,1149,16
2017,174,0,33419,Cameron Tringale,71.86,1006,14
2017,175,0,32757,Patton Kizzire,71.92,863,12
2017,176,0,37455,Si Woo Kim,72.0,864,12
2017,177,0,20593,Greg Chalmers,72.11,649,9
2017,178,0,24507,Jason Bohn,72.13,577,8
2017,179,0,20104,Ken Duke,72.27,795,11
2017,180,0,24781,Hunter Mahan,72.33,651,9
2017,180,0,31202,William McGirt,72.33,1085,15
2017,182,0,34409,David Lingmerth,72.47,1087,15
2017,183,0,35300,Andrew Loupe,72.5,290,4
2017,183,0,34213,Grayson Murray,72.5,1160,16
2017,185,0,29740,Brad Fritsch,72.63,581,8
2017,185,0,30852,Ryo Ishikawa,72.63,581,8
2017,185,0,25834,Daniel Summerhays,72.63,1380,19
2017,188,0,48822,Sebastián Muñoz,72.71,509,7
2017,189,0,6522,Ernie Els,73.14,512,7
2017,190,0,25345,Carl Pettersson,75.25,301,4
2016,1,0,30927,Brendon Todd,68.0,136,2
2016,2,0,1810,Phil Mickelson,68.67,1030,15
2016,3,0,28237,Rory McIlroy,68.93,965,14
2016,4,0,29974,Branden Grace,69.15,899,13
2016,5,0,25364,Paul Casey,69.19,1107,16
2016,6,0,27649,Brandt Snedeker,69.21,1315,19
2016,7,0,27129,Luke List,69.25,831,12
2016,8,0,24502,Adam Scott,69.26,1316,19
2016,9,0,31202,William McGirt,69.3,1386,20
2016,10,0,20229,Stewart Cink,69.36,763,11
2016,11,0,24358,Robert Garrigus,69.46,903,13
2016,12,0,30692,Scott Stallings,69.5,695,10
2016,13,0,12510,Chad Campbell,69.53,1182,17
2016,14,0,35539,Luke Guthrie,69.56,626,9
2016,15,0,23621,Rory Sabbatini,69.57,487,7
2016,16,0,32839,Hideki Matsuyama,69.67,1045,15
2016,17,0,28089,Jason Day,69.69,1115,16
2016,17,0,30926,Chris Kirk,69.69,1115,16
2016,19,0,25804,Bubba Watson,69.75,1116,16
2016,20,0,34046,Jordan Spieth,69.83,1257,18
2016,21,0,27963,Chris Stroud,69.86,978,14
2016,22,0,20645,John Senden,69.88,1118,16
2016,23,0,35879,Kelly Kraft,69.89,629,9
2016,24,0,26329,Louis Oosthuizen,69.92,839,12
2016,25,0,28679,Fabián Gómez,69.93,1049,15
2016,25,0,26289,Boo Weekley,69.93,1049,15
2016,27,0,10809,Jim Furyk,70.0,840,12
2016,27,0,34098,Russell Henley,70.0,910,13
2016,27,0,34466,Peter Malnati,70.0,630,9
2016,27,0,32150,Michael Thompson,70.0,770,11
2016,27,0,25632,Jimmy Walker,70.0,1190,17
2016,32,0,30925,Dustin Johnson,70.05,1401,20
2016,32,0,24024,Zach Johnson,70.05,1331,19
2016,32,0,26851,Marc Leishman,70.05,1331,19
2016,32,0,25396,Kevin Na,70.05,1471,21
2016,36,0,35545,Blayne Barber,70.07,981,14
2016,37,0,32102,Rickie Fowler,70.12,1192,17
2016,38,0,37455,Si Woo Kim,70.14,1543,22
2016,39,0,33122,Russell Knox,70.15,1403,20
2016,40,0,26758,David Hearn,70.17,1263,18
2016,41,0,25900,Lucas Glover,70.2,1053,15
2016,41,0,27064,Jhonattan Vegas,70.2,1404,20
2016,43,0,23800,Bryce Molder,70.21,983,14
2016,44,0,34360,Patrick Reed,70.22,1615,23
2016,45,0,20472,Alex Cejka,70.23,913,13
2016,45,0,31560,Brian Stuard,70.23,913,13
2016,47,0,23325,Vaughn Taylor,70.25,843,12
2016,48,0,23638,Brendon de Jonge,70.27,773,11
2016,48,0,29720,Andres Gonzales,70.27,773,11
2016,50,0,30944,Jason Kokrak,70.29,1195,17
2016,50,0,26476,Chez Reavie,70.29,1195,17
2016,52,0,20098,Stuart Appleby,70.31,914,13
2016,52,0,36699,Patrick Rodgers,70.31,1125,16
2016,54,0,26596,Ryan Moore,70.33,1266,18
2016,54,0,33667,Carlos Ortiz,70.33,633,9
2016,56,0,36689,Brooks Koepka,70.38,1126,16
2016,57,0,23108,Matt Kuchar,70.39,1619,23
2016,58,0,33141,Keegan Bradley,70.4,1056,15
2016,58,0,25720,Chad Collins,70.4,704,10
2016,60,0,32640,Troy Merritt,70.42,845,12
2016,61,0,35732,Wes Roach,70.43,493,7
2016,61,0,33448,Justin Thomas,70.43,1479,21
2016,63,0,29268,Bronson Burgoon,70.46,916,13
2016,64,0,33413,Ben Martin,70.47,1198,17
2016,65,0,10885,Robert Allenby,70.5,141,2
2016,65,0,25572,Graeme McDowell,70.5,705,10
2016,65,0,24140,Sean O'Hair,70.5,1269,18
2016,65,0,22046,Geoff Ogilvy,70.5,564,8
2016,65,0,22405,Justin Rose,70.5,987,14
2016,65,0,26951,Johnson Wagner,70.5,1128,16
2016,71,0,21961,Charles Howell III,70.52,1481,21
2016,72,0,33418,Shawn Stefani,70.53,1058,15
2016,73,0,27466,Spencer Levin,70.58,1341,19
2016,74,0,32200,Roberto Castro,70.59,1553,22
2016,75,0,8075,Jerry Kelly,70.6,1059,15
2016,76,0,25349,Tim Wilkinson,70.62,918,13
2016,77,0,34265,Will Wilcox,70.64,777,11
2016,78,0,23320,Ryan Palmer,70.65,1413,20
2016,79,0,6567,Vijay Singh,70.71,990,14
2016,80,0,21209,Sergio Garcia,70.73,778,11
2016,80,0,34174,John Huh,70.73,1061,15
2016,82,0,33399,Adam Hadwin,70.75,1415,20
2016,83,0,29485,Brett Stegmaier,70.8,1062,15
2016,84,0,24461,Thomas Aiken,70.82,779,11
2016,84,0,34099,Harris English,70.82,1558,22
2016,86,0,25686,Jason Dufner,70.83,1700,24
2016,87,0,29289,S.Y. Noh,70.86,992,14
2016,88,0,34409,David Lingmerth,70.88,1205,17
2016,88,0,20572,Rod Pampling,70.88,567,8
2016,90,0,29476,Kyle Reifers,70.91,1631,23
2016,90,0,28114,Dawie van der Walt,70.91,780,11
2016,92,0,25198,Francesco Molinari,70.93,993,14
2016,92,0,29221,Webb Simpson,70.93,1064,15
2016,94,0,27141,J.B. Holmes,70.94,1135,16
2016,94,0,46440,Smylie Kaufman,70.94,1206,17
2016,94,0,30110,Kyle Stanley,70.94,1206,17
2016,97,0,24846,Ricky Barnes,70.95,1348,19
2016,97,0,25818,Scott Piercy,70.95,1348,19
2016,97,0,25834,Daniel Summerhays,70.95,1490,21
2016,97,0,34264,Hudson Swafford,70.95,1561,22
2016,101,0,26300,Matt Jones,71.0,994,14
2016,101,0,27974,Sung Kang,71.0,1065,15
2016,101,0,29478,Kevin Kisner,71.0,1491,21
2016,101,0,32757,Patton Kizzire,71.0,1349,19
2016,101,0,30163,Henrik Norlander,71.0,923,13
2016,101,0,29223,Sam Saunders,71.0,639,9
2016,101,0,26331,Charl Schwartzel,71.0,1207,17
2016,108,0,27644,Brian Harman,71.05,1492,21
2016,109,0,20157,Retief Goosen,71.08,853,12
2016,109,0,29222,Billy Hurley III,71.08,924,13
2016,111,0,33461,Morgan Hoffmann,71.1,711,10
2016,112,0,24357,K.J. Choi,71.14,996,14
2016,113,0,28158,Steve Marino,71.18,783,11
2016,113,0,6527,Steve Stricker,71.18,783,11
2016,115,0,40026,Daniel Berger,71.19,1495,21
2016,115,0,32448,James Hahn,71.19,1139,16
2016,115,0,31323,Gary Woodland,71.19,1495,21
2016,118,0,20691,Greg Owen,71.2,712,10
2016,119,0,32366,Kevin Chappell,71.21,1353,19
2016,120,0,22371,Aaron Baddeley,71.22,1282,18
2016,121,0,35532,Tom Hoge,71.23,926,13
2016,122,0,23983,Luke Donald,71.24,1211,17
2016,122,0,31646,Emiliano Grillo,71.24,1496,21
2016,124,0,27214,Kevin Streelman,71.27,1069,15
2016,125,0,30711,Colt Knost,71.29,1212,17
2016,126,0,27770,Camilo Villegas,71.31,927,13
2016,127,0,33419,Cameron Tringale,71.33,1070,15
2016,128,0,35451,Scott Pinckney,71.36,999,14
2016,128,0,25493,Nick Taylor,71.36,999,14
2016,130,0,29725,Tony Finau,71.37,1356,19
2016,131,0,45526,Abraham Ancer,71.4,357,5
2016,131,0,35300,Andrew Loupe,71.4,714,10
2016,131,0,28475,Jeff Overton,71.4,714,10
2016,134,0,21731,Freddie Jacobson,71.41,1214,17
2016,135,0,20766,Padraig Harrington,71.45,786,11
2016,135,0,36801,Mark Hubbard,71.45,1429,20
2016,137,0,29745,Tyler Aldridge,71.46,929,13
2016,138,0,24924,Bill Haas,71.5,1287,18
2016,138,0,27936,Martin Laird,71.5,1144,16
2016,140,0,34262,Jon Curran,71.53,1359,19
2016,141,0,34563,Chesson Hadley,71.54,930,13
2016,142,0,29420,Billy Horschel,71.56,1145,16
2016,143,0,24507,Jason Bohn,71.58,859,12
2016,143,0,6522,Ernie Els,71.58,859,12
2016,145,0,33204,Shane Lowry,71.64,788,11
2016,145,0,21878,Mark Wilson,71.64,788,11
2016,147,0,27747,Hiroshi Iwata,71.67,860,12
2016,148,0,27895,Jonas Blixt,71.69,932,13
2016,148,0,23541,Ben Crane,71.69,932,13
2016,150,0,34431,Robert Streb,71.75,1148,16
2016,151,0,37273,Derek Ernst,71.78,646,9
2016,152,0,28132,Tyrone Van Aswegen,71.8,1436,20
2016,153,0,2206,David Toms,71.83,862,12
2016,154,0,31557,Jim Herman,71.88,1222,17
2016,155,0,29461,Jamie Lovemark,71.89,1366,19
2016,156,0,37454,Whee Kim,71.91,791,11
2016,157,0,24912,Will MacKenzie,71.93,1007,14
2016,158,0,40058,Zac Blair,71.94,1223,17
2016,159,0,39975,Michael Kim,72.0,1440,20
2016,159,0,33410,Andrew Landry,72.0,432,6
2016,161,0,29479,Scott Brown,72.06,1153,16
2016,162,0,31420,Anirban Lahiri,72.07,1081,15
2016,163,0,12716,Charley Hoffman,72.11,1370,19
2016,164,0,27436,Graham DeLaet,72.23,939,13
2016,165,0,20104,Ken Duke,72.25,578,8
2016,165,0,22892,Jason Gore,72.25,867,12
2016,167,0,31416,Derek Fathauer,72.38,1158,16
2016,168,0,29926,Danny Lee,72.39,1303,18
2016,168,0,37189,Harold Varner III,72.39,1303,18
2016,170,0,34261,Scott Langley,72.4,724,10
2016,170,0,25892,Steve Wheatcroft,72.4,1086,15
2016,172,0,32618,Rhein Gibson,72.5,580,8
2016,172,0,24490,George McNeill,72.5,290,4
2016,174,0,29518,Brendan Steele,72.56,1306,18
2016,175,0,27942,Rob Oppenheim,72.64,799,11
2016,175,0,35891,Cameron Smith,72.64,799,11
2016,177,0,20848,Ángel Cabrera,72.7,727,10
2016,177,0,24494,Erik Compton,72.7,727,10
2016,179,0,24781,Hunter Mahan,72.75,582,8
2016,180,0,10213,Dicky Pride,72.86,510,7
2016,181,0,25240,D.A. Points,73.0,511,7
2016,182,0,25274,Steven Bowditch,73.13,585,8
2016,183,0,23353,J.J. Henry,73.3,733,10
2016,184,0,32876,Martin Piller,73.5,441,6
2016,185,0,28092,D.H. Lee,74.86,524,7
2015,1,0,34265,Will Wilcox,67.82,746,11
2015,2,0,26476,Chez Reavie,68.5,548,8
2015,3,0,23621,Rory Sabbatini,68.53,1028,15
2015,4,0,28089,Jason Day,68.59,1166,17
2015,5,0,34431,Robert Streb,68.64,1716,25
2015,6,0,34046,Jordan Spieth,68.8,1376,20
2015,7,0,30711,Colt Knost,68.94,1103,16
2015,8,0,35545,Blayne Barber,69.0,759,11
2015,8,0,8075,Jerry Kelly,69.0,1035,15
2015,10,0,25804,Bubba Watson,69.06,1105,16
2015,11,0,29476,Kyle Reifers,69.07,1036,15
2015,12,0,29478,Kevin Kisner,69.1,1451,21
2015,13,0,24024,Zach Johnson,69.11,1313,19
2015,14,0,35532,Tom Hoge,69.15,899,13
2015,15,0,26758,David Hearn,69.28,1247,18
2015,16,0,25364,Paul Casey,69.33,1248,18
2015,16,0,21528,Henrik Stenson,69.33,1040,15
2015,18,0,29725,Tony Finau,69.36,1526,22
2015,19,0,26951,Johnson Wagner,69.4,694,10
2015,20,0,40026,Daniel Berger,69.41,1180,17
2015,21,0,1706,Davis Love III,69.43,486,7
2015,22,0,32839,Hideki Matsuyama,69.52,1460,21
2015,23,0,26851,Marc Leishman,69.54,904,13
2015,24,0,27644,Brian Harman,69.63,1114,16
2015,25,0,31202,William McGirt,69.65,1393,20
2015,26,0,26289,Boo Weekley,69.67,1045,15
2015,27,0,24507,Jason Bohn,69.7,1394,20
2015,28,0,29222,Billy Hurley III,69.75,837,12
2015,29,0,23320,Ryan Palmer,69.76,1186,17
2015,30,0,25274,Steven Bowditch,69.79,1326,19
2015,31,0,25720,Chad Collins,69.8,1047,15
2015,31,0,21878,Mark Wilson,69.8,1047,15
2015,33,0,37454,Whee Kim,69.82,768,11
2015,33,0,34409,David Lingmerth,69.82,1187,17
2015,35,0,33141,Keegan Bradley,69.84,1327,19
2015,35,0,33413,Ben Martin,69.84,1327,19
2015,35,0,24490,George McNeill,69.84,1327,19
2015,38,0,26329,Louis Oosthuizen,69.85,908,13
2015,39,0,27963,Chris Stroud,69.86,978,14
2015,40,0,34174,John Huh,69.89,1328,19
2015,41,0,12716,Charley Hoffman,69.9,1398,20
2015,41,0,25834,Daniel Summerhays,69.9,1468,21
2015,43,0,34261,Scott Langley,69.94,1259,18
2015,44,0,34262,Jon Curran,70.0,770,11
2015,44,0,30925,Dustin Johnson,70.0,1190,17
2015,46,0,29221,Webb Simpson,70.06,1261,18
2015,47,0,29420,Billy Horschel,70.1,1472,21
2015,48,0,32200,Roberto Castro,70.11,631,9
2015,48,0,20691,Greg Owen,70.11,631,9
2015,50,0,20771,Steven Alker,70.13,561,8
2015,51,0,27649,Brandt Snedeker,70.14,1473,21
2015,52,0,20396,Lee Westwood,70.17,842,12
2015,53,0,27936,Martin Laird,70.21,983,14
2015,53,0,29926,Danny Lee,70.21,1685,24
2015,55,0,25240,D.A. Points,70.22,632,9
2015,56,0,20104,Ken Duke,70.27,1054,15
2015,56,0,31557,Jim Herman,70.27,1054,15
2015,58,0,23800,Bryce Molder,70.28,1265,18
2015,59,0,33122,Russell Knox,70.3,1406,20
2015,60,0,30926,Chris Kirk,70.31,1125,16
2015,61,0,34098,Russell Henley,70.32,1336,19
2015,62,0,24358,Robert Garrigus,70.33,633,9
2015,63,0,30944,Jason Kokrak,70.38,1126,16
2015,63,0,28780,Nicholas Thompson,70.38,915,13
2015,63,0,25892,Steve Wheatcroft,70.38,915,13
2015,66,0,36689,Brooks Koepka,70.39,1267,18
2015,67,0,28679,Fabián Gómez,70.4,1056,15
2015,68,0,24361,Pat Perez,70.41,1549,22
2015,68,0,25818,Scott Piercy,70.41,1197,17
2015,68,0,27095,Nick Watney,70.41,1197,17
2015,71,0,23048,Eric Axley,70.43,493,7
2015,72,0,25369,Jamie Donaldson,70.44,634,9
2015,72,0,6567,Vijay Singh,70.44,1127,16
2015,74,0,32448,James Hahn,70.47,1339,19
2015,75,0,34099,Harris English,70.48,1621,23
2015,76,0,12510,Chad Campbell,70.5,1269,18
2015,76,0,30927,Brendon Todd,70.5,1410,20
2015,76,0,25632,Jimmy Walker,70.5,1410,20
2015,79,0,33448,Justin Thomas,70.52,1622,23
2015,80,0,35541,John Peterson,70.53,1199,17
2015,81,0,29535,Brice Garnett,70.55,776,11
2015,81,0,23623,Bo Van Pelt,70.55,776,11
2015,83,0,29479,Scott Brown,70.56,1270,18
2015,83,0,32102,Rickie Fowler,70.56,1129,16
2015,83,0,27466,Spencer Levin,70.56,1270,18
2015,83,0,26596,Ryan Moore,70.56,1129,16
2015,87,0,30946,Alex Prugh,70.57,988,14
2015,87,0,20645,John Senden,70.57,988,14
2015,87,0,33418,Shawn Stefani,70.57,1482,21
2015,90,0,40058,Zac Blair,70.61,1271,18
2015,91,0,34130,Sung Joon Park,70.62,918,13
2015,92,0,23541,Ben Crane,70.63,565,8
2015,92,0,10860,Justin Leonard,70.63,565,8
2015,94,0,24925,Jonathan Byrd,70.64,777,11
2015,94,0,22405,Justin Rose,70.64,989,14
2015,94,0,30692,Scott Stallings,70.64,777,11
2015,94,0,31323,Gary Woodland,70.64,989,14
2015,98,0,10809,Jim Furyk,70.67,1060,15
2015,98,0,25900,Lucas Glover,70.67,848,12
2015,100,0,33461,Morgan Hoffmann,70.71,1202,17
2015,101,0,34264,Hudson Swafford,70.72,1273,18
2015,102,0,25198,Francesco Molinari,70.75,849,12
2015,103,0,20229,Stewart Cink,70.8,1062,15
2015,103,0,22046,Geoff Ogilvy,70.8,708,10
2015,105,0,25345,Carl Pettersson,70.81,1487,21
2015,106,0,32366,Kevin Chappell,70.82,1204,17
2015,106,0,22892,Jason Gore,70.82,779,11
2015,108,0,21753,Brian Davis,70.83,850,12
2015,108,0,23548,Bill Lunde,70.83,425,6
2015,110,0,22371,Aaron Baddeley,70.85,921,13
2015,111,0,23983,Luke Donald,70.87,1063,15
2015,111,0,23108,Matt Kuchar,70.87,1630,23
2015,113,0,27933,John Merrick,70.9,709,10
2015,114,0,23638,Brendon de Jonge,70.95,1561,22
2015,114,0,25396,Kevin Na,70.95,1561,22
2015,116,0,34360,Patrick Reed,70.96,1703,24
2015,117,0,21209,Sergio Garcia,71.0,994,14
2015,117,0,36801,Mark Hubbard,71.0,1065,15
2015,117,0,1810,Phil Mickelson,71.0,1136,16
2015,117,0,31193,Jim Renner,71.0,355,5
2015,117,0,29223,Sam Saunders,71.0,923,13
2015,122,0,30852,Ryo Ishikawa,71.06,1137,16
2015,123,0,27895,Jonas Blixt,71.09,782,11
2015,123,0,25191,Gonzalo Fernandez-Castaño,71.09,782,11
2015,125,0,34563,Chesson Hadley,71.1,1422,20
2015,125,0,24502,Adam Scott,71.1,711,10
2015,127,0,20472,Alex Cejka,71.11,1280,18
2015,127,0,27141,J.B. Holmes,71.11,1280,18
2015,129,0,28475,Jeff Overton,71.12,1209,17
2015,130,0,28500,Martin Flores,71.13,1138,16
2015,131,0,33419,Cameron Tringale,71.15,1423,20
2015,132,0,22056,Cameron Percy,71.17,854,12
2015,133,0,21961,Charles Howell III,71.18,1566,22
2015,134,0,31560,Brian Stuard,71.19,1139,16
2015,135,0,36699,Patrick Rodgers,71.2,712,10
2015,135,0,27770,Camilo Villegas,71.2,1068,15
2015,137,0,33399,Adam Hadwin,71.24,1211,17
2015,138,0,25349,Tim Wilkinson,71.25,570,8
2015,139,0,29518,Brendan Steele,71.26,1354,19
2015,140,0,37273,Derek Ernst,71.3,713,10
2015,140,0,2206,David Toms,71.3,713,10
2015,142,0,29289,S.Y. Noh,71.36,785,11
2015,143,0,24781,Hunter Mahan,71.37,1356,19
2015,144,0,10885,Robert Allenby,71.43,500,7
2015,145,0,24140,Sean O'Hair,71.47,1215,17
2015,146,0,28259,Sangmoon Bae,71.5,1430,20
2015,146,0,25493,Nick Taylor,71.5,1144,16
2015,148,0,29720,Andres Gonzales,71.53,1073,15
2015,148,0,26300,Matt Jones,71.53,1359,19
2015,150,0,26331,Charl Schwartzel,71.54,930,13
2015,151,0,28307,Matt Every,71.55,787,11
2015,152,0,23353,J.J. Henry,71.56,1145,16
2015,153,0,33667,Carlos Ortiz,71.61,1289,18
2015,154,0,20593,Greg Chalmers,71.64,788,11
2015,155,0,24846,Ricky Barnes,71.67,860,12
2015,155,0,30736,Oscar Fraustro,71.67,430,6
2015,155,0,34358,Jonathan Randolph,71.67,645,9
2015,158,0,27436,Graham DeLaet,71.69,932,13
2015,159,0,32334,Charlie Beljan,71.7,717,10
2015,160,0,28132,Tyrone Van Aswegen,71.71,502,7
2015,161,0,24924,Bill Haas,71.74,1363,19
2015,162,0,32640,Troy Merritt,71.75,1148,16
2015,163,0,32150,Michael Thompson,71.79,1005,14
2015,164,0,24494,Erik Compton,71.81,1149,16
2015,165,0,27214,Kevin Streelman,71.84,1365,19
2015,166,0,35539,Luke Guthrie,71.86,1006,14
2015,166,0,28023,Byron Smith,71.86,503,7
2015,168,0,25686,Jason Dufner,71.88,1150,16
2015,169,0,27064,Jhonattan Vegas,72.0,1152,16
2015,170,0,35451,Scott Pinckney,72.06,1153,16
2015,171,0,24138,Ian Poulter,72.07,1009,14
2015,172,0,25562,Andres Romero,72.1,721,10
2015,173,0,28486,Michael Putnam,72.13,1082,15
2015,174,0,39977,Max Homa,72.2,722,10
2015,175,0,24357,K.J. Choi,72.23,939,13
2015,176,0,6522,Ernie Els,72.3,723,10
2015,177,0,31416,Derek Fathauer,72.33,868,12
2015,178,0,20848,Ángel Cabrera,72.38,579,8
2015,179,0,20157,Retief Goosen,72.47,1087,15
2015,180,0,33486,Roger Sloan,72.83,437,6
2015,181,0,20766,Padraig Harrington,72.88,583,8
2015,182,0,34256,Andrew Putnam,73.22,659,9
2015,183,0,29425,Andrew Svoboda,73.4,734,10
2015,184,0,22293,Heath Slocum,73.8,369,5
2014,1,0,26331,Charl Schwartzel,68.57,960,14
2014,2,0,2206,David Toms,68.82,757,11
2014,3,0,21528,Henrik Stenson,68.92,896,13
2014,4,0,34099,Harris English,69.05,1312,19
2014,5,0,21209,Sergio Garcia,69.07,967,14
2014,6,0,25572,Graeme McDowell,69.2,1038,15
2014,7,0,24912,Will MacKenzie,69.21,969,14
2014,8,0,32102,Rickie Fowler,69.29,1178,17
2014,9,0,26951,Johnson Wagner,69.33,624,9
2014,10,0,29221,Webb Simpson,69.44,1250,18
2014,11,0,25632,Jimmy Walker,69.45,1528,22
2014,12,0,24502,Adam Scott,69.47,1181,17
2014,13,0,29740,Brad Fritsch,69.57,487,7
2014,14,0,31560,Brian Stuard,69.6,1044,15
2014,15,0,30925,Dustin Johnson,69.62,905,13
2014,15,0,23108,Matt Kuchar,69.62,1462,21
2014,17,0,27436,Graham DeLaet,69.63,1114,16
2014,17,0,28237,Rory McIlroy,69.63,1114,16
2014,19,0,23135,Tim Clark,69.64,766,11
2014,19,0,22293,Heath Slocum,69.64,766,11
2014,21,0,25396,Kevin Na,69.65,1393,20
2014,21,0,25804,Bubba Watson,69.65,1184,17
2014,23,0,31202,William McGirt,69.67,1254,18
2014,23,0,28475,Jeff Overton,69.67,1045,15
2014,25,0,6522,Ernie Els,69.69,1115,16
2014,25,0,30852,Ryo Ishikawa,69.69,906,13
2014,27,0,10809,Jim Furyk,69.7,1394,20
2014,28,0,36689,Brooks Koepka,69.75,837,12
2014,29,0,27770,Camilo Villegas,69.78,1256,18
2014,30,0,28089,Jason Day,69.8,698,10
2014,30,0,33122,Russell Knox,69.8,1396,20
2014,32,0,29478,Kevin Kisner,69.88,1118,16
2014,33,0,20848,Ángel Cabrera,69.92,839,12
2014,34,0,20098,Stuart Appleby,69.94,1189,17
2014,35,0,32334,Charlie Beljan,70.0,770,11
2014,35,0,35539,Luke Guthrie,70.0,1050,15
2014,35,0,26851,Marc Leishman,70.0,1190,17
2014,35,0,25345,Carl Pettersson,70.0,1190,17
2014,39,0,8075,Jerry Kelly,70.06,1191,17
2014,39,0,24490,George McNeill,70.06,1121,16
2014,39,0,27963,Chris Stroud,70.06,1261,18
2014,42,0,24507,Jason Bohn,70.07,1051,15
2014,43,0,32448,James Hahn,70.08,911,13
2014,43,0,30927,Brendon Todd,70.08,1752,25
2014,45,0,34264,Hudson Swafford,70.1,701,10
2014,46,0,21961,Charles Howell III,70.13,1683,24
2014,47,0,10885,Robert Allenby,70.17,842,12
2014,48,0,32200,Roberto Castro,70.18,772,11
2014,49,0,24494,Erik Compton,70.19,1123,16
2014,49,0,12716,Charley Hoffman,70.19,1474,21
2014,51,0,12510,Chad Campbell,70.22,632,9
2014,52,0,29518,Brendan Steele,70.25,1124,16
2014,53,0,20160,Charlie Wi,70.3,703,10
2014,54,0,29222,Billy Hurley III,70.31,1125,16
2014,55,0,1810,Phil Mickelson,70.36,985,14
2014,56,0,24357,K.J. Choi,70.38,1126,16
2014,57,0,24024,Zach Johnson,70.39,1619,23
2014,58,0,32640,Troy Merritt,70.4,704,10
2014,59,0,20645,John Senden,70.41,1549,22
2014,60,0,25364,Paul Casey,70.42,845,12
2014,60,0,29420,Billy Horschel,70.42,1338,19
2014,62,0,27644,Brian Harman,70.43,1620,23
2014,62,0,34046,Jordan Spieth,70.43,1620,23
2014,64,0,34174,John Huh,70.46,916,13
2014,64,0,33413,Ben Martin,70.46,916,13
2014,66,0,27895,Jonas Blixt,70.5,705,10
2014,66,0,34360,Patrick Reed,70.5,1269,18
2014,68,0,33141,Keegan Bradley,70.53,1340,19
2014,69,0,28259,Sangmoon Bae,70.54,917,13
2014,70,0,28132,Tyrone Van Aswegen,70.57,988,14
2014,71,0,29926,Danny Lee,70.58,847,12
2014,72,0,21753,Brian Davis,70.61,1271,18
2014,73,0,32366,Kevin Chappell,70.62,1483,21
2014,74,0,25274,Steven Bowditch,70.63,1130,16
2014,75,0,30926,Chris Kirk,70.64,1766,25
2014,75,0,20396,Lee Westwood,70.64,777,11
2014,77,0,24924,Bill Haas,70.65,1837,26
2014,78,0,26596,Ryan Moore,70.68,1343,19
2014,79,0,20104,Ken Duke,70.69,919,13
2014,79,0,22405,Justin Rose,70.69,1131,16
2014,81,0,26758,David Hearn,70.7,1414,20
2014,82,0,32839,Hideki Matsuyama,70.72,1273,18
2014,83,0,23800,Bryce Molder,70.77,920,13
2014,83,0,33418,Shawn Stefani,70.77,920,13
2014,85,0,25720,Chad Collins,70.78,637,9
2014,86,0,35732,Wes Roach,70.8,708,10
2014,87,0,25834,Daniel Summerhays,70.82,1558,22
2014,88,0,23983,Luke Donald,70.83,850,12
2014,88,0,34261,Scott Langley,70.83,1275,18
2014,88,0,1724,Jeff Maggert,70.83,425,6
2014,88,0,24781,Hunter Mahan,70.83,1275,18
2014,88,0,27120,Troy Matteson,70.83,425,6
2014,93,0,30944,Jason Kokrak,70.85,921,13
2014,94,0,29425,Andrew Svoboda,70.86,992,14
2014,95,0,30692,Scott Stallings,70.91,780,11
2014,96,0,26289,Boo Weekley,70.93,993,14
2014,97,0,24846,Ricky Barnes,70.94,1206,17
2014,97,0,29479,Scott Brown,70.94,1277,18
2014,99,0,25444,Justin Hicks,70.95,1419,20
2014,100,0,28307,Matt Every,71.0,1136,16
2014,100,0,29535,Brice Garnett,71.0,1065,15
2014,100,0,28486,Michael Putnam,71.0,1562,22
2014,100,0,21878,Mark Wilson,71.0,497,7
2014,104,0,34098,Russell Henley,71.06,1208,17
2014,104,0,23623,Bo Van Pelt,71.06,1137,16
2014,106,0,28780,Nicholas Thompson,71.09,782,11
2014,106,0,24663,Y.E. Yang,71.09,782,11
2014,108,0,27556,Ted Potter Jr.,71.11,640,9
2014,109,0,33419,Cameron Tringale,71.13,1707,24
2014,109,0,34265,Will Wilcox,71.13,569,8
2014,111,0,25562,Andres Romero,71.14,996,14
2014,112,0,23320,Ryan Palmer,71.16,1352,19
2014,113,0,25686,Jason Dufner,71.17,854,12
2014,113,0,21731,Freddie Jacobson,71.17,1281,18
2014,113,0,35541,John Peterson,71.17,427,6
2014,116,0,23353,J.J. Henry,71.18,1210,17
2014,116,0,31323,Gary Woodland,71.18,1566,22
2014,118,0,34021,Bud Cauley,71.22,641,9
2014,118,0,27466,Spencer Levin,71.22,641,9
2014,120,0,22621,Ben Curtis,71.23,926,13
2014,120,0,27095,Nick Watney,71.23,926,13
2014,122,0,22378,Trevor Immelman,71.25,855,12
2014,122,0,27214,Kevin Streelman,71.25,1140,16
2014,124,0,29289,S.Y. Noh,71.26,1354,19
2014,124,0,27649,Brandt Snedeker,71.26,1354,19
2014,126,0,24358,Robert Garrigus,71.27,1069,15
2014,127,0,37273,Derek Ernst,71.3,713,10
2014,128,0,35139,Richard Lee,71.38,928,13
2014,129,0,34431,Robert Streb,71.4,1071,15
2014,130,0,26300,Matt Jones,71.44,1143,16
2014,130,0,26329,Louis Oosthuizen,71.44,643,9
2014,132,0,26679,Kevin Stadler,71.45,1429,20
2014,133,0,25191,Gonzalo Fernandez-Castaño,71.47,1215,17
2014,134,0,30750,Tommy Gainey,71.5,715,10
2014,135,0,22046,Geoff Ogilvy,71.54,930,13
2014,136,0,20229,Stewart Cink,71.6,1432,20
2014,136,0,28500,Martin Flores,71.6,1074,15
2014,138,0,23638,Brendon de Jonge,71.61,1647,23
2014,138,0,33461,Morgan Hoffmann,71.61,1289,18
2014,140,0,27330,Josh Teater,71.63,1146,16
2014,141,0,20593,Greg Chalmers,71.64,1003,14
2014,141,0,19846,Brian Gay,71.64,1003,14
2014,143,0,32333,Kevin Tway,71.71,502,7
2014,144,0,32150,Michael Thompson,71.73,1076,15
2014,145,0,27936,Martin Laird,71.75,861,12
2014,145,0,24138,Ian Poulter,71.75,861,12
2014,147,0,27933,John Merrick,71.76,1220,17
2014,148,0,34409,David Lingmerth,71.77,933,13
2014,149,0,35300,Andrew Loupe,71.78,646,9
2014,150,0,10860,Justin Leonard,71.8,1077,15
2014,151,0,34563,Chesson Hadley,71.83,862,12
2014,152,0,24925,Jonathan Byrd,71.92,935,13
2014,153,0,23409,James Driscoll,72.0,792,11
2014,153,0,27408,Martin Kaymer,72.0,1008,14
2014,153,0,27064,Jhonattan Vegas,72.0,1080,15
2014,156,0,24361,Pat Perez,72.06,1225,17
2014,157,0,1706,Davis Love III,72.07,1009,14
2014,158,0,24140,Sean O'Hair,72.08,937,13
2014,159,0,6567,Vijay Singh,72.13,1154,16
2014,160,0,31193,Jim Renner,72.17,433,6
2014,161,0,25349,Tim Wilkinson,72.19,1155,16
2014,162,0,23621,Rory Sabbatini,72.21,1011,14
2014,163,0,7867,Woody Austin,72.25,578,8
2014,164,0,20157,Retief Goosen,72.26,1373,19
2014,165,0,23541,Ben Crane,72.31,1157,16
2014,166,0,22371,Aaron Baddeley,72.33,868,12
2014,167,0,27141,J.B. Holmes,72.42,1376,19
2014,168,0,29461,Jamie Lovemark,72.56,653,9
2014,169,0,25900,Lucas Glover,72.57,508,7
2014,170,0,10423,Mike Weir,72.63,581,8
2014,171,0,25240,D.A. Points,72.64,799,11
2014,172,0,28092,D.H. Lee,72.83,437,6
2014,173,0,30110,Kyle Stanley,72.86,1020,14
2014,174,0,26956,Bronson La'Cassie,73.0,438,6
2014,175,0,22913,John Rollins,73.17,878,12
2014,176,0,20498,Briny Baird,73.38,587,8
2014,177,0,31557,Jim Herman,74.33,669,9
2013,1,0,28135,Aaron Watkins,67.67,203,3
2013,2,0,24227,Justin Bolli,69.0,276,4
2013,2,0,34431,Robert Streb,69.0,759,11
2013,4,0,34046,Jordan Spieth,69.22,1246,18
2013,5,0,23800,Bryce Molder,69.24,1177,17
2013,6,0,2206,David Toms,69.38,555,8
2013,7,0,26300,Matt Jones,69.53,1182,17
2013,8,0,33141,Keegan Bradley,69.65,1393,20
2013,9,0,23638,Brendon de Jonge,69.68,1742,25
2013,10,0,29221,Webb Simpson,69.7,1394,20
2013,11,0,23788,D.J. Trahan,69.71,488,7
2013,12,0,1810,Phil Mickelson,69.78,1256,18
2013,13,0,22913,John Rollins,69.85,908,13
2013,14,0,34360,Patrick Reed,69.86,978,14
2013,15,0,23621,Rory Sabbatini,69.87,1048,15
2013,16,0,27214,Kevin Streelman,69.89,1258,18
2013,16,0,25632,Jimmy Walker,69.89,1258,18
2013,18,0,28089,Jason Day,69.9,1398,20
2013,19,0,21528,Henrik Stenson,70.0,1050,15
2013,19,0,31560,Brian Stuard,70.0,840,12
2013,21,0,34098,Russell Henley,70.06,1121,16
2013,22,0,28092,D.H. Lee,70.09,771,11
2013,23,0,24846,Ricky Barnes,70.11,631,9
2013,23,0,34021,Bud Cauley,70.11,631,9
2013,25,0,28500,Martin Flores,70.13,1122,16
2013,25,0,27129,Luke List,70.13,561,8
2013,25,0,33419,Cameron Tringale,70.13,1122,16
2013,28,0,22806,Doug LaBelle II,70.15,912,13
2013,29,0,22405,Justin Rose,70.21,983,14
2013,30,0,32150,Michael Thompson,70.27,773,11
2013,31,0,10213,Dicky Pride,70.3,703,10
2013,31,0,26289,Boo Weekley,70.3,1617,23
2013,33,0,6522,Ernie Els,70.31,914,13
2013,34,0,26679,Kevin Stadler,70.33,1055,15
2013,35,0,24024,Zach Johnson,70.37,1337,19
2013,36,0,28237,Rory McIlroy,70.38,915,13
2013,36,0,28475,Jeff Overton,70.38,1126,16
2013,38,0,25818,Scott Piercy,70.4,1056,15
2013,39,0,27649,Brandt Snedeker,70.41,1197,17
2013,40,0,27436,Graham DeLaet,70.43,1479,21
2013,40,0,37273,Derek Ernst,70.43,493,7
2013,42,0,23108,Matt Kuchar,70.45,1550,22
2013,43,0,20229,Stewart Cink,70.46,916,13
2013,43,0,30944,Jason Kokrak,70.46,916,13
2013,45,0,26758,David Hearn,70.47,1198,17
2013,45,0,23320,Ryan Palmer,70.47,1198,17
2013,45,0,24502,Adam Scott,70.47,1057,15
2013,48,0,21961,Charles Howell III,70.5,1269,18
2013,49,0,21753,Brian Davis,70.53,1199,17
2013,50,0,29420,Billy Horschel,70.55,1552,22
2013,51,0,6527,Steve Stricker,70.58,847,12
2013,52,0,27963,Chris Stroud,70.59,1200,17
2013,53,0,22371,Aaron Baddeley,70.6,706,10
2013,53,0,30925,Dustin Johnson,70.6,1059,15
2013,53,0,25240,D.A. Points,70.6,1059,15
2013,53,0,27556,Ted Potter Jr.,70.6,706,10
2013,53,0,27770,Camilo Villegas,70.6,1059,15
2013,58,0,34099,Harris English,70.62,1483,21
2013,59,0,29518,Brendan Steele,70.63,1130,16
2013,59,0,28310,Lee Williams,70.63,565,8
2013,61,0,30926,Chris Kirk,70.65,1413,20
2013,62,0,6004,Stephen Ames,70.67,424,6
2013,62,0,22046,Geoff Ogilvy,70.67,636,9
2013,64,0,27095,Nick Watney,70.72,1273,18
2013,65,0,32366,Kevin Chappell,70.73,1061,15
2013,65,0,8075,Jerry Kelly,70.73,1061,15
2013,67,0,24507,Jason Bohn,70.75,849,12
2013,68,0,23983,Luke Donald,70.77,920,13
2013,68,0,31202,William McGirt,70.77,920,13
2013,70,0,31557,Jim Herman,70.78,637,9
2013,71,0,32200,Roberto Castro,70.79,1345,19
2013,72,0,28307,Matt Every,70.8,1062,15
2013,73,0,25686,Jason Dufner,70.83,1275,18
2013,74,0,27408,Martin Kaymer,70.85,921,13
2013,74,0,27936,Martin Laird,70.85,921,13
2013,74,0,30692,Scott Stallings,70.85,921,13
2013,77,0,1320,Bob Estes,70.87,1063,15
2013,78,0,25274,Steven Bowditch,70.91,780,11
2013,78,0,29479,Scott Brown,70.91,780,11
2013,78,0,33461,Morgan Hoffmann,70.91,780,11
2013,81,0,12510,Chad Campbell,70.92,922,13
2013,82,0,24490,George McNeill,70.93,993,14
2013,83,0,26331,Charl Schwartzel,70.94,1135,16
2013,84,0,24357,K.J. Choi,70.95,1348,19
2013,85,0,24494,Erik Compton,71.0,852,12
2013,85,0,32698,Bobby Gates,71.0,213,3
2013,85,0,25562,Andres Romero,71.0,639,9
2013,88,0,20098,Stuart Appleby,71.06,1279,18
2013,89,0,23623,Bo Van Pelt,71.07,995,14
2013,90,0,21731,Freddie Jacobson,71.08,853,12
2013,91,0,33418,Shawn Stefani,71.09,782,11
2013,92,0,25572,Graeme McDowell,71.11,640,9
2013,93,0,19846,Brian Gay,71.13,1138,16
2013,93,0,25834,Daniel Summerhays,71.13,1067,15
2013,93,0,8793,Tiger Woods,71.13,1067,15
2013,96,0,27644,Brian Harman,71.14,996,14
2013,96,0,10423,Mike Weir,71.14,498,7
2013,98,0,23409,James Driscoll,71.15,925,13
2013,99,0,10809,Jim Furyk,71.17,1281,18
2013,99,0,24924,Bill Haas,71.17,1281,18
2013,101,0,23135,Tim Clark,71.18,783,11
2013,102,0,22295,Darron Stiles,71.2,356,5
2013,103,0,27895,Jonas Blixt,71.21,997,14
2013,103,0,26476,Chez Reavie,71.21,997,14
2013,105,0,6573,Brandt Jobe,71.27,784,11
2013,106,0,32102,Rickie Fowler,71.31,1141,16
2013,106,0,24361,Pat Perez,71.31,927,13
2013,108,0,24358,Robert Garrigus,71.33,856,12
2013,108,0,32448,James Hahn,71.33,856,12
2013,108,0,20691,Greg Owen,71.33,856,12
2013,111,0,34409,David Lingmerth,71.36,785,11
2013,111,0,30163,Henrik Norlander,71.36,785,11
2013,113,0,10860,Justin Leonard,71.37,1356,19
2013,114,0,26851,Marc Leishman,71.38,1142,16
2013,114,0,21099,David Lynn,71.38,928,13
2013,116,0,22961,David Mathis,71.4,714,10
2013,117,0,32334,Charlie Beljan,71.43,500,7
2013,118,0,23353,J.J. Henry,71.44,1143,16
2013,118,0,27120,Troy Matteson,71.44,643,9
2013,120,0,25804,Bubba Watson,71.47,1215,17
2013,121,0,25900,Lucas Glover,71.5,715,10
2013,121,0,34174,John Huh,71.5,1144,16
2013,121,0,24781,Hunter Mahan,71.5,1287,18
2013,121,0,24138,Ian Poulter,71.5,858,12
2013,121,0,21878,Mark Wilson,71.5,572,8
2013,126,0,27933,John Merrick,71.56,1145,16
2013,127,0,10885,Robert Allenby,71.6,358,5
2013,127,0,27503,Steve LeBrun,71.6,716,10
2013,129,0,28259,Sangmoon Bae,71.63,1146,16
2013,129,0,19970,Robert Karlsson,71.63,573,8
2013,129,0,23325,Vaughn Taylor,71.63,573,8
2013,132,0,25444,Justin Hicks,71.64,1003,14
2013,132,0,1724,Jeff Maggert,71.64,788,11
2013,134,0,30711,Colt Knost,71.67,645,9
2013,135,0,20160,Charlie Wi,71.69,932,13
2013,136,0,20104,Ken Duke,71.73,1076,15
2013,137,0,20848,Ángel Cabrera,71.75,1148,16
2013,137,0,28455,Will Claxton,71.75,574,8
2013,137,0,22792,Peter Hanson,71.75,574,8
2013,140,0,23497,Tag Ridings,71.78,646,9
2013,140,0,24663,Y.E. Yang,71.78,646,9
2013,142,0,20443,Jin Park,71.8,359,5
2013,142,0,29425,Andrew Svoboda,71.8,359,5
2013,144,0,24399,Scott Gardiner,71.86,503,7
2013,144,0,12782,Tim Herron,71.86,503,7
2013,146,0,22056,Cameron Percy,71.92,935,13
2013,147,0,27330,Josh Teater,71.94,1223,17
2013,148,0,30750,Tommy Gainey,72.0,936,13
2013,148,0,21209,Sergio Garcia,72.0,1080,15
2013,148,0,34261,Scott Langley,72.0,792,11
2013,148,0,35139,Richard Lee,72.0,1152,16
2013,148,0,30110,Kyle Stanley,72.0,792,11
2013,153,0,36884,Ben Kohles,72.09,793,11
2013,154,0,23452,Nicolas Colsaerts,72.14,505,7
2013,154,0,26951,Johnson Wagner,72.14,505,7
2013,156,0,20593,Greg Chalmers,72.15,938,13
2013,157,0,29740,Brad Fritsch,72.2,1083,15
2013,157,0,26596,Ryan Moore,72.2,1083,15
2013,159,0,31323,Gary Woodland,72.21,1372,19
2013,160,0,30852,Ryo Ishikawa,72.25,867,12
2013,161,0,25345,Carl Pettersson,72.28,1301,18
2013,162,0,28780,Nicholas Thompson,72.3,1446,20
2013,163,0,20766,Padraig Harrington,72.33,651,9
2013,164,0,20396,Lee Westwood,72.41,1231,17
2013,165,0,28679,Fabián Gómez,72.44,652,9
2013,166,0,6567,Vijay Singh,72.45,797,11
2013,167,0,35539,Luke Guthrie,72.5,1015,14
2013,168,0,1116,Michael Bradley,72.6,363,5
2013,168,0,22621,Ben Curtis,72.6,726,10
2013,170,0,29289,S.Y. Noh,72.67,654,9
2013,170,0,20572,Rod Pampling,72.67,436,6
2013,172,0,20645,John Senden,72.73,1091,15
2013,173,0,23541,Ben Crane,72.75,582,8
2013,173,0,33869,Eric Meierdierks,72.75,291,4
2013,175,0,12716,Charley Hoffman,72.79,1383,19
2013,176,0,8725,Tom Gillis,72.91,802,11
2013,177,0,22378,Trevor Immelman,73.09,804,11
2013,178,0,24140,Sean O'Hair,73.71,516,7
2013,179,0,25336,Alistair Presnell,74.14,519,7
2013,180,0,26497,Casey Wittenberg,74.88,599,8
2012,1,0,29479,Scott Brown,68.14,477,7
2012,2,0,23983,Luke Donald,69.07,1036,15
2012,3,0,2206,David Toms,69.18,761,11
2012,4,0,8075,Jerry Kelly,69.4,1041,15
2012,5,0,25818,Scott Piercy,69.42,1319,19
2012,6,0,10213,Dicky Pride,69.45,764,11
2012,7,0,22405,Justin Rose,69.63,1114,16
2012,8,0,27797,Derek Lamely,69.67,418,6
2012,8,0,25804,Bubba Watson,69.67,1045,15
2012,10,0,32334,Charlie Beljan,69.75,558,8
2012,11,0,28089,Jason Day,69.83,838,12
2012,11,0,28237,Rory McIlroy,69.83,838,12
2012,13,0,35139,Richard Lee,69.9,699,10
2012,14,0,24357,K.J. Choi,70.0,1050,15
2012,14,0,22621,Ben Curtis,70.0,840,12
2012,16,0,33122,Russell Knox,70.09,771,11
2012,16,0,28475,Jeff Overton,70.09,1542,22
2012,18,0,10885,Robert Allenby,70.1,701,10
2012,19,0,24358,Robert Garrigus,70.11,1332,19
2012,19,0,23623,Bo Van Pelt,70.11,1332,19
2012,21,0,33120,Mark Anderson,70.17,842,12
2012,22,0,22961,David Mathis,70.18,772,11
2012,23,0,32150,Michael Thompson,70.2,1053,15
2012,24,0,34021,Bud Cauley,70.24,1475,21
2012,24,0,28500,Martin Flores,70.24,1194,17
2012,26,0,26679,Kevin Stadler,70.25,1124,16
2012,27,0,10809,Jim Furyk,70.32,1336,19
2012,28,0,24138,Ian Poulter,70.36,985,14
2012,29,0,32200,Roberto Castro,70.37,1337,19
2012,30,0,19846,Brian Gay,70.38,1126,16
2012,30,0,22293,Heath Slocum,70.38,1126,16
2012,32,0,8793,Tiger Woods,70.4,1056,15
2012,33,0,31202,William McGirt,70.41,1197,17
2012,34,0,30692,Scott Stallings,70.42,845,12
2012,35,0,29289,S.Y. Noh,70.43,1620,23
2012,36,0,30925,Dustin Johnson,70.44,1127,16
2012,37,0,1706,Davis Love III,70.45,775,11
2012,38,0,25396,Kevin Na,70.47,1198,17
2012,38,0,22046,Geoff Ogilvy,70.47,1198,17
2012,40,0,23108,Matt Kuchar,70.5,1410,20
2012,40,0,27933,John Merrick,70.5,987,14
2012,40,0,25345,Carl Pettersson,70.5,1410,20
2012,40,0,26331,Charl Schwartzel,70.5,846,12
2012,40,0,27649,Brandt Snedeker,70.5,1269,18
2012,45,0,26289,Boo Weekley,70.55,776,11
2012,46,0,28087,Kris Blanks,70.56,635,9
2012,46,0,23353,J.J. Henry,70.56,1129,16
2012,46,0,28308,Troy Kelly,70.56,635,9
2012,49,0,23541,Ben Crane,70.57,988,14
2012,49,0,27963,Chris Stroud,70.57,988,14
2012,51,0,26758,David Hearn,70.58,1341,19
2012,52,0,25892,Steve Wheatcroft,70.6,353,5
2012,53,0,22913,John Rollins,70.62,918,13
2012,53,0,20396,Lee Westwood,70.62,918,13
2012,55,0,27895,Jonas Blixt,70.64,989,14
2012,55,0,23135,Tim Clark,70.64,777,11
2012,57,0,33141,Keegan Bradley,70.65,1413,20
2012,58,0,1249,John Daly,70.67,636,9
2012,58,0,29478,Kevin Kisner,70.67,636,9
2012,58,0,27330,Josh Teater,70.67,1272,18
2012,58,0,22582,Kyle Thompson,70.67,212,3
2012,62,0,23204,Gary Christian,70.69,1131,16
2012,63,0,29910,Blake Adams,70.71,1485,21
2012,63,0,20766,Padraig Harrington,70.71,990,14
2012,65,0,25240,D.A. Points,70.73,1061,15
2012,65,0,30110,Kyle Stanley,70.73,1061,15
2012,67,0,11123,Chris Couch,70.78,637,9
2012,67,0,24604,Hunter Haas,70.78,637,9
2012,69,0,12510,Chad Campbell,70.79,991,14
2012,69,0,23548,Bill Lunde,70.79,991,14
2012,71,0,34174,John Huh,70.82,1558,22
2012,71,0,6527,Steve Stricker,70.82,1204,17
2012,73,0,20848,Ángel Cabrera,70.86,496,7
2012,73,0,26287,Roland Thatcher,70.86,496,7
2012,75,0,23800,Bryce Molder,70.87,1063,15
2012,76,0,20070,Matt Bettencourt,70.89,638,9
2012,77,0,19970,Robert Karlsson,70.9,709,10
2012,77,0,30711,Colt Knost,70.9,709,10
2012,79,0,24502,Adam Scott,70.93,993,14
2012,80,0,1810,Phil Mickelson,70.94,1277,18
2012,80,0,20691,Greg Owen,70.94,1277,18
2012,82,0,23638,Brendon de Jonge,70.96,1845,26
2012,83,0,22371,Aaron Baddeley,71.0,1065,15
2012,83,0,20623,Gavin Coles,71.0,852,12
2012,83,0,27141,J.B. Holmes,71.0,1278,18
2012,83,0,30926,Chris Kirk,71.0,1349,19
2012,83,0,1941,Tom Pernice Jr.,71.0,426,6
2012,83,0,23621,Rory Sabbatini,71.0,852,12
2012,83,0,20645,John Senden,71.0,1278,18
2012,83,0,23325,Vaughn Taylor,71.0,923,13
2012,91,0,24781,Hunter Mahan,71.05,1350,19
2012,92,0,24924,Bill Haas,71.06,1208,17
2012,92,0,24490,George McNeill,71.06,1208,17
2012,94,0,29926,Danny Lee,71.09,782,11
2012,95,0,28093,Miguel Angel Carballo,71.1,711,10
2012,95,0,27302,Garth Mulroy,71.1,711,10
2012,97,0,12716,Charley Hoffman,71.13,1067,15
2012,97,0,21878,Mark Wilson,71.13,1067,15
2012,99,0,20104,Ken Duke,71.18,1566,22
2012,99,0,27120,Troy Matteson,71.18,1210,17
2012,99,0,25632,Jimmy Walker,71.18,1566,22
2012,102,0,24940,Edward Loar,71.2,356,5
2012,103,0,12782,Tim Herron,71.25,1140,16
2012,104,0,28307,Matt Every,71.27,1069,15
2012,105,0,21407,Arjun Atwal,71.3,713,10
2012,105,0,21961,Charles Howell III,71.3,1426,20
2012,107,0,26329,Louis Oosthuizen,71.31,927,13
2012,108,0,1724,Jeff Maggert,71.36,999,14
2012,109,0,28455,Will Claxton,71.38,1499,21
2012,109,0,21209,Sergio Garcia,71.38,928,13
2012,111,0,24361,Pat Perez,71.39,1285,18
2012,112,0,24494,Erik Compton,71.43,1000,14
2012,112,0,29222,Billy Hurley III,71.43,500,7
2012,114,0,25686,Jason Dufner,71.45,1429,20
2012,115,0,24846,Ricky Barnes,71.47,1215,17
2012,115,0,26476,Chez Reavie,71.47,1072,15
2012,117,0,20850,Daniel Chopra,71.5,429,6
2012,117,0,1320,Bob Estes,71.5,1144,16
2012,117,0,30944,Jason Kokrak,71.5,715,10
2012,117,0,27214,Kevin Streelman,71.5,1287,18
2012,121,0,24140,Sean O'Hair,71.53,1359,19
2012,122,0,29420,Billy Horschel,71.54,930,13
2012,123,0,1797,Rocco Mediate,71.55,787,11
2012,124,0,20574,Mathew Goggin,71.56,644,9
2012,124,0,30852,Ryo Ishikawa,71.56,644,9
2012,124,0,23788,D.J. Trahan,71.56,644,9
2012,127,0,26951,Johnson Wagner,71.59,1217,17
2012,127,0,27095,Nick Watney,71.59,1575,22
2012,129,0,27936,Martin Laird,71.6,1074,15
2012,130,0,6522,Ernie Els,71.61,1289,18
2012,131,0,29518,Brendan Steele,71.62,931,13
2012,132,0,26300,Matt Jones,71.63,573,8
2012,133,0,6251,Chris DiMarco,71.64,788,11
2012,134,0,24024,Zach Johnson,71.65,1648,23
2012,135,0,20098,Stuart Appleby,71.67,860,12
2012,136,0,21753,Brian Davis,71.69,1147,16
2012,137,0,23409,James Driscoll,71.71,1004,14
2012,137,0,21805,Harrison Frazar,71.71,502,7
2012,137,0,29221,Webb Simpson,71.71,1219,17
2012,140,0,22348,Nick O'Hern,71.73,789,11
2012,141,0,27436,Graham DeLaet,71.75,1148,16
2012,142,0,23718,Nathan Green,71.77,933,13
2012,143,0,8725,Tom Gillis,71.8,1077,15
2012,144,0,27060,John Mallinger,71.83,862,12
2012,144,0,20160,Charlie Wi,71.83,1293,18
2012,146,0,20593,Greg Chalmers,71.84,1365,19
2012,147,0,25834,Daniel Summerhays,71.86,1006,14
2012,148,0,27466,Spencer Levin,71.88,1150,16
2012,148,0,23320,Ryan Palmer,71.88,1150,16
2012,150,0,6567,Vijay Singh,71.91,1654,23
2012,151,0,32366,Kevin Chappell,71.94,1151,16
2012,151,0,20572,Rod Pampling,71.94,1151,16
2012,153,0,27644,Brian Harman,71.95,1439,20
2012,154,0,24925,Jonathan Byrd,72.0,1008,14
2012,154,0,6036,Scott Dunlap,72.0,504,7
2012,154,0,6573,Brandt Jobe,72.0,720,10
2012,154,0,1766,Billy Mayfair,72.0,1080,15
2012,154,0,22548,Patrick Sheehan,72.0,504,7
2012,154,0,27770,Camilo Villegas,72.0,1080,15
2012,160,0,26596,Ryan Moore,72.05,1441,20
2012,161,0,6034,Marco Dawson,72.13,577,8
2012,161,0,30927,Brendon Todd,72.13,577,8
2012,163,0,34099,Harris English,72.14,1587,22
2012,163,0,25457,Alexandre Rocha,72.14,505,7
2012,165,0,32102,Rickie Fowler,72.16,1371,19
2012,166,0,31323,Gary Woodland,72.17,866,12
2012,167,0,25562,Andres Romero,72.18,794,11
2012,168,0,21350,Ryuji Imada,72.22,650,9
2012,169,0,20229,Stewart Cink,72.23,939,13
2012,170,0,26851,Marc Leishman,72.26,1373,19
2012,171,0,21528,Henrik Stenson,72.27,795,11
2012,172,0,22378,Trevor Immelman,72.31,940,13
2012,173,0,33419,Cameron Tringale,72.33,1302,18
2012,174,0,1116,Michael Bradley,72.38,579,8
2012,174,0,30750,Tommy Gainey,72.38,1158,16
2012,176,0,32698,Bobby Gates,72.43,1014,14
2012,176,0,21731,Freddie Jacobson,72.43,1014,14
2012,178,0,31558,J.J. Killeen,72.47,1087,15
2012,179,0,29476,Kyle Reifers,72.5,1160,16
2012,180,0,27064,Jhonattan Vegas,72.54,943,13
2012,181,0,25572,Graeme McDowell,72.58,871,12
2012,182,0,24507,Jason Bohn,72.64,799,11
2012,183,0,6004,Stephen Ames,72.71,509,7
2012,184,0,27974,Sung Kang,73.0,511,7
2012,184,0,10860,Justin Leonard,73.0,803,11
2012,184,0,27556,Ted Potter Jr.,73.0,949,13
2012,184,0,24663,Y.E. Yang,73.0,876,12
2012,188,0,28259,Sangmoon Bae,73.07,1096,15
2012,189,0,12652,Cameron Beckman,74.23,965,13
2012,190,0,23542,Tommy Biershenk,74.56,671,9
2012,191,0,23903,Stephen Gangluff,76.5,306,4
2011,1,0,23983,Luke Donald,68.06,1089,16
2011,2,0,27939,Matt McQuillan,68.14,477,7
2011,3,0,27649,Brandt Snedeker,68.81,1101,16
2011,4,0,29221,Webb Simpson,69.13,1590,23
2011,5,0,30926,Chris Kirk,69.33,1040,15
2011,5,0,26668,Marc Turnesa,69.33,416,6
2011,7,0,22293,Heath Slocum,69.36,971,14
2011,8,0,25396,Kevin Na,69.4,1041,15
2011,9,0,25345,Carl Pettersson,69.62,1462,21
2011,10,0,2206,David Toms,69.63,1114,16
2011,11,0,26331,Charl Schwartzel,69.64,975,14
2011,12,0,22621,Ben Curtis,69.7,697,10
2011,13,0,23800,Bryce Molder,69.73,1046,15
2011,14,0,21961,Charles Howell III,69.75,1674,24
2011,15,0,22405,Justin Rose,69.76,1186,17
2011,16,0,27095,Nick Watney,69.78,1256,18
2011,17,0,24024,Zach Johnson,69.82,1187,17
2011,18,0,27797,Derek Lamely,69.86,489,7
2011,19,0,8075,Jerry Kelly,69.88,1188,17
2011,19,0,27466,Spencer Levin,69.88,1747,25
2011,21,0,20498,Briny Baird,69.91,769,11
2011,21,0,10505,Shane Bertsch,69.91,769,11
2011,21,0,24138,Ian Poulter,69.91,769,11
2011,24,0,28089,Jason Day,70.0,1190,17
2011,24,0,27974,Sung Kang,70.0,700,10
2011,24,0,1766,Billy Mayfair,70.0,1190,17
2011,24,0,27214,Kevin Streelman,70.0,1330,19
2011,28,0,24361,Pat Perez,70.07,981,14
2011,28,0,23497,Tag Ridings,70.07,981,14
2011,30,0,6621,Joe Durant,70.1,701,10
2011,31,0,22046,Geoff Ogilvy,70.15,912,13
2011,32,0,27770,Camilo Villegas,70.17,842,12
2011,33,0,28620,Aron Price,70.2,702,10
2011,34,0,19846,Brian Gay,70.22,1264,18
2011,35,0,23108,Matt Kuchar,70.24,1475,21
2011,36,0,25274,Steven Bowditch,70.27,1054,15
2011,36,0,6251,Chris DiMarco,70.27,1054,15
2011,38,0,31323,Gary Woodland,70.29,1476,21
2011,39,0,10885,Robert Allenby,70.33,1266,18
2011,39,0,1116,Michael Bradley,70.33,844,12
2011,39,0,24781,Hunter Mahan,70.33,1477,21
2011,39,0,25572,Graeme McDowell,70.33,633,9
2011,39,0,6567,Vijay Singh,70.33,1055,15
2011,39,0,34072,Will Strickler,70.33,422,6
2011,45,0,24357,K.J. Choi,70.35,1196,17
2011,46,0,23541,Ben Crane,70.36,985,14
2011,46,0,12782,Tim Herron,70.36,985,14
2011,48,0,24925,Jonathan Byrd,70.38,1126,16
2011,48,0,29518,Brendan Steele,70.38,1126,16
2011,48,0,27963,Chris Stroud,70.38,1126,16
2011,51,0,25686,Jason Dufner,70.4,1056,15
2011,51,0,21209,Sergio Garcia,70.4,1056,15
2011,53,0,26476,Chez Reavie,70.41,1197,17
2011,53,0,6527,Steve Stricker,70.41,1197,17
2011,55,0,12716,Charley Hoffman,70.42,1338,19
2011,56,0,29910,Blake Adams,70.43,1620,23
2011,57,0,1810,Phil Mickelson,70.47,1339,19
2011,58,0,6004,Stephen Ames,70.5,846,12
2011,58,0,30692,Scott Stallings,70.5,846,12
2011,60,0,28087,Kris Blanks,70.53,1199,17
2011,60,0,22348,Nick O'Hern,70.53,1058,15
2011,60,0,22913,John Rollins,70.53,1058,15
2011,63,0,29420,Billy Horschel,70.55,776,11
2011,64,0,20572,Rod Pampling,70.57,988,14
2011,65,0,22371,Aaron Baddeley,70.59,1200,17
2011,66,0,24507,Jason Bohn,70.6,1059,15
2011,66,0,12510,Chad Campbell,70.6,1412,20
2011,66,0,26287,Roland Thatcher,70.6,706,10
2011,69,0,19970,Robert Karlsson,70.62,918,13
2011,70,0,12652,Cameron Beckman,70.64,777,11
2011,71,0,20593,Greg Chalmers,70.65,1201,17
2011,72,0,24490,George McNeill,70.67,848,12
2011,72,0,23623,Bo Van Pelt,70.67,1272,18
2011,72,0,26951,Johnson Wagner,70.67,1060,15
2011,75,0,21350,Ryuji Imada,70.69,919,13
2011,75,0,25818,Scott Piercy,70.69,1131,16
2011,77,0,10809,Jim Furyk,70.72,1273,18
2011,78,0,21753,Brian Davis,70.73,1556,22
2011,78,0,23409,James Driscoll,70.73,778,11
2011,80,0,30925,Dustin Johnson,70.75,1132,16
2011,80,0,23788,D.J. Trahan,70.75,1132,16
2011,82,0,24502,Adam Scott,70.77,920,13
2011,83,0,35087,Bio Kim,70.78,637,9
2011,84,0,6522,Ernie Els,70.8,1062,15
2011,85,0,30110,Kyle Stanley,70.81,1487,21
2011,86,0,7867,Woody Austin,70.82,779,11
2011,86,0,20157,Retief Goosen,70.82,779,11
2011,88,0,26758,David Hearn,70.83,1275,18
2011,88,0,25240,D.A. Points,70.83,1275,18
2011,88,0,23621,Rory Sabbatini,70.83,1275,18
2011,91,0,21949,Joe Ogilvie,70.85,921,13
2011,92,0,6573,Brandt Jobe,70.86,1488,21
2011,93,0,1948,Tim Petrovic,70.87,1063,15
2011,94,0,26596,Ryan Moore,70.88,1205,17
2011,95,0,24663,Y.E. Yang,70.92,922,13
2011,96,0,24604,Hunter Haas,71.0,1136,16
2011,96,0,25444,Justin Hicks,71.0,426,6
2011,96,0,22378,Trevor Immelman,71.0,1278,18
2011,96,0,1577,Lee Janzen,71.0,781,11
2011,96,0,29718,Anthony Kim,71.0,781,11
2011,96,0,25632,Jimmy Walker,71.0,1136,16
2011,102,0,21731,Freddie Jacobson,71.05,1492,21
2011,102,0,28475,Jeff Overton,71.05,1421,20
2011,104,0,27064,Jhonattan Vegas,71.06,1208,17
2011,105,0,32150,Michael Thompson,71.07,995,14
2011,106,0,28486,Michael Putnam,71.08,853,12
2011,107,0,26289,Boo Weekley,71.09,782,11
2011,108,0,26851,Marc Leishman,71.12,1209,17
2011,109,0,8375,Paul Stankowski,71.14,996,14
2011,110,0,20645,John Senden,71.15,1423,20
2011,110,0,27330,Josh Teater,71.15,1423,20
2011,112,0,23353,J.J. Henry,71.2,1424,20
2011,113,0,25804,Bubba Watson,71.22,1282,18
2011,114,0,10733,Kent Jones,71.23,926,13
2011,115,0,20848,Ángel Cabrera,71.25,570,8
2011,115,0,29720,Andres Gonzales,71.25,570,8
2011,115,0,25834,Daniel Summerhays,71.25,570,8
2011,118,0,34255,Joseph Bramlett,71.27,784,11
2011,118,0,25900,Lucas Glover,71.27,1069,15
2011,118,0,27933,John Merrick,71.27,1069,15
2011,118,0,20436,Garrett Willis,71.27,784,11
2011,122,0,30750,Tommy Gainey,71.29,1212,17
2011,122,0,24924,Bill Haas,71.29,1497,21
2011,124,0,7457,Steve Flesch,71.31,1141,16
2011,125,0,32102,Rickie Fowler,71.33,1284,18
2011,125,0,24140,Sean O'Hair,71.33,856,12
2011,127,0,26881,Jarrod Lyle,71.36,785,11
2011,128,0,23548,Bill Lunde,71.37,1356,19
2011,128,0,31202,William McGirt,71.37,1356,19
2011,130,0,32366,Kevin Chappell,71.38,928,13
2011,130,0,32640,Troy Merritt,71.38,571,8
2011,132,0,26420,Richard Johnson,71.4,714,10
2011,132,0,29478,Kevin Kisner,71.4,714,10
2011,132,0,10585,Scott McCarron,71.4,714,10
2011,135,0,23638,Brendon de Jonge,71.41,1571,22
2011,136,0,9011,David Duval,71.44,643,9
2011,136,0,27936,Martin Laird,71.44,1143,16
2011,138,0,20766,Padraig Harrington,71.46,929,13
2011,139,0,23320,Ryan Palmer,71.47,1215,17
2011,140,0,33141,Keegan Bradley,71.53,1216,17
2011,140,0,25562,Andres Romero,71.53,1216,17
2011,142,0,20229,Stewart Cink,71.54,930,13
2011,143,0,24846,Ricky Barnes,71.56,1145,16
2011,143,0,11123,Chris Couch,71.56,1145,16
2011,143,0,8725,Tom Gillis,71.56,644,9
2011,143,0,27120,Troy Matteson,71.56,1145,16
2011,143,0,21878,Mark Wilson,71.56,1288,18
2011,148,0,10860,Justin Leonard,71.57,1002,14
2011,149,0,33419,Cameron Tringale,71.59,1575,22
2011,150,0,20098,Stuart Appleby,71.6,716,10
2011,151,0,1706,Davis Love III,71.62,931,13
2011,152,0,30946,Alex Prugh,71.64,788,11
2011,153,0,27141,J.B. Holmes,71.67,860,12
2011,154,0,32698,Bobby Gates,71.7,717,10
2011,154,0,26300,Matt Jones,71.7,717,10
2011,154,0,31193,Jim Renner,71.7,717,10
2011,157,0,1313,Steve Elkington,71.71,502,7
2011,158,0,26679,Kevin Stadler,71.76,1220,17
2011,159,0,20127,Chris Riley,71.77,933,13
2011,160,0,24290,D.J. Brigman,71.8,718,10
2011,161,0,24358,Robert Garrigus,71.81,1149,16
2011,162,0,25457,Alexandre Rocha,71.9,719,10
2011,163,0,30711,Colt Knost,71.92,863,12
2011,164,0,21407,Arjun Atwal,72.0,1152,16
2011,164,0,22961,David Mathis,72.0,1080,15
2011,164,0,12602,Dean Wilson,72.0,720,10
2011,167,0,20070,Matt Bettencourt,72.08,937,13
2011,168,0,33413,Ben Martin,72.09,793,11
2011,169,0,20160,Charlie Wi,72.24,1228,17
2011,170,0,31401,Zack Miller,72.25,867,12
2011,171,0,23325,Vaughn Taylor,72.29,1229,17
2011,172,0,21805,Harrison Frazar,72.3,723,10
2011,173,0,23718,Nathan Green,72.38,941,13
2011,173,0,33911,Nate Smith,72.38,579,8
2011,175,0,6515,Shaun Micheel,72.42,869,12
2011,176,0,28158,Steve Marino,72.47,1087,15
2011,177,0,31557,Jim Herman,72.58,871,12
2011,178,0,28679,Fabián Gómez,72.6,1089,15
2011,179,0,24980,Scott Gutschewski,72.67,654,9
2011,180,0,8537,J.P. Hayes,72.71,509,7
2011,181,0,6643,Paul Goydos,72.86,1020,14
2011,182,0,20472,Alex Cejka,73.0,730,10
2011,183,0,32876,Martin Piller,73.29,513,7
2011,184,0,23673,Michael Connell,73.33,880,12
2011,185,0,1797,Rocco Mediate,73.5,441,6
2011,186,0,23614,Rich Beem,74.2,371,5
2010,1,0,20127,Chris Riley,68.5,822,12
2010,2,0,23320,Ryan Palmer,68.71,962,14
2010,3,0,23108,Matt Kuchar,68.86,1515,22
2010,4,0,23409,James Driscoll,68.92,827,12
2010,5,0,21878,Mark Wilson,69.13,1037,15
2010,6,0,26882,Michael Sim,69.25,831,12
2010,7,0,23541,Ben Crane,69.28,1247,18
2010,8,0,20157,Retief Goosen,69.41,1180,17
2010,9,0,29221,Webb Simpson,69.47,1181,17
2010,10,0,21961,Charles Howell III,69.48,1598,23
2010,11,0,25190,Jeff Quinney,69.56,1113,16
2010,12,0,12652,Cameron Beckman,69.57,487,7
2010,13,0,21731,Freddie Jacobson,69.63,1114,16
2010,14,0,12602,Dean Wilson,69.67,627,9
2010,15,0,24925,Jonathan Byrd,69.69,1115,16
2010,16,0,28237,Rory McIlroy,69.73,767,11
2010,17,0,25364,Paul Casey,69.77,907,13
2010,18,0,22405,Justin Rose,69.81,1117,16
2010,19,0,1320,Bob Estes,69.83,838,12
2010,20,0,24361,Pat Perez,69.89,1258,18
2010,20,0,2206,David Toms,69.89,1258,18
2010,22,0,26851,Marc Leishman,69.94,1189,17
2010,23,0,20498,Briny Baird,70.07,1051,15
2010,23,0,27436,Graham DeLaet,70.07,1051,15
2010,25,0,23621,Rory Sabbatini,70.08,911,13
2010,26,0,8375,Paul Stankowski,70.15,912,13
2010,27,0,23788,D.J. Trahan,70.17,1263,18
2010,27,0,23623,Bo Van Pelt,70.17,1614,23
2010,29,0,27214,Kevin Streelman,70.18,1193,17
2010,30,0,25804,Bubba Watson,70.19,1123,16
2010,31,0,11123,Chris Couch,70.2,702,10
2010,32,0,19846,Brian Gay,70.21,1334,19
2010,32,0,22913,John Rollins,70.21,983,14
2010,34,0,26881,Jarrod Lyle,70.22,632,9
2010,34,0,6527,Steve Stricker,70.22,1264,18
2010,36,0,23800,Bryce Molder,70.25,1124,16
2010,36,0,25632,Jimmy Walker,70.25,843,12
2010,38,0,20436,Garrett Willis,70.27,1054,15
2010,39,0,8725,Tom Gillis,70.29,1476,21
2010,40,0,20686,Jeev Milkha Singh,70.3,703,10
2010,41,0,27963,Chris Stroud,70.31,1125,16
2010,42,0,25396,Kevin Na,70.35,1407,20
2010,43,0,6004,Stephen Ames,70.38,1126,16
2010,43,0,6522,Ernie Els,70.38,1126,16
2010,45,0,23353,J.J. Henry,70.39,1267,18
2010,46,0,22371,Aaron Baddeley,70.4,1408,20
2010,46,0,33419,Cameron Tringale,70.4,352,5
2010,48,0,23325,Vaughn Taylor,70.41,1197,17
2010,49,0,1948,Tim Petrovic,70.42,1338,19
2010,50,0,20229,Stewart Cink,70.44,1268,18
2010,50,0,25686,Jason Dufner,70.44,1268,18
2010,52,0,23349,Charles Warren,70.45,775,11
2010,53,0,20574,Mathew Goggin,70.46,916,13
2010,54,0,27120,Troy Matteson,70.5,987,14
2010,55,0,10885,Robert Allenby,70.53,1199,17
2010,56,0,28620,Aron Price,70.54,917,13
2010,57,0,25720,Chad Collins,70.56,1129,16
2010,58,0,12716,Charley Hoffman,70.59,1200,17
2010,59,0,28087,Kris Blanks,70.6,1059,15
2010,59,0,25818,Scott Piercy,70.6,1059,15
2010,61,0,32102,Rickie Fowler,70.65,1413,20
2010,62,0,25562,Andres Romero,70.67,1060,15
2010,62,0,26679,Kevin Stadler,70.67,1060,15
2010,64,0,23548,Bill Lunde,70.7,707,10
2010,65,0,22621,Ben Curtis,70.71,990,14
2010,65,0,26420,Richard Johnson,70.71,1202,17
2010,67,0,24846,Ricky Barnes,70.73,1556,22
2010,67,0,6567,Vijay Singh,70.73,1061,15
2010,67,0,23322,Brett Wetterich,70.73,778,11
2010,70,0,23135,Tim Clark,70.74,1344,19
2010,71,0,10809,Jim Furyk,70.76,1203,17
2010,71,0,20645,John Senden,70.76,1486,21
2010,73,0,1766,Billy Mayfair,70.77,920,13
2010,74,0,20593,Greg Chalmers,70.79,1345,19
2010,74,0,27330,Josh Teater,70.79,1345,19
2010,76,0,21949,Joe Ogilvie,70.81,1133,16
2010,76,0,27095,Nick Watney,70.81,1487,21
2010,78,0,32640,Troy Merritt,70.83,850,12
2010,79,0,12510,Chad Campbell,70.84,1346,19
2010,80,0,32617,Jerod Turner,70.86,496,7
2010,81,0,29910,Blake Adams,70.87,1063,15
2010,81,0,1313,Steve Elkington,70.87,1063,15
2010,81,0,26596,Ryan Moore,70.87,1063,15
2010,81,0,26301,James Nitties,70.87,1063,15
2010,85,0,6595,Kevin Sutherland,70.88,1205,17
2010,86,0,23613,Rich Barcelo,70.89,638,9
2010,86,0,23673,Michael Connell,70.89,1347,19
2010,88,0,23983,Luke Donald,70.93,1064,15
2010,88,0,10585,Scott McCarron,70.93,1064,15
2010,88,0,2239,Scott Verplank,70.93,1064,15
2010,88,0,24663,Y.E. Yang,70.93,1064,15
2010,92,0,26695,Michael Letzig,70.94,1135,16
2010,93,0,27141,J.B. Holmes,70.96,1703,24
2010,94,0,20848,Ángel Cabrera,71.0,923,13
2010,94,0,20378,Mathias Grönberg,71.0,568,8
2010,94,0,30946,Alex Prugh,71.0,1065,15
2010,97,0,23638,Brendon de Jonge,71.04,1705,24
2010,98,0,24781,Hunter Mahan,71.06,1279,18
2010,98,0,24140,Sean O'Hair,71.06,1137,16
2010,100,0,25240,D.A. Points,71.07,1066,15
2010,101,0,28780,Nicholas Thompson,71.08,924,13
2010,101,0,10425,Jay Williamson,71.08,924,13
2010,103,0,20766,Padraig Harrington,71.09,782,11
2010,104,0,22946,Henrik Bjornstad,71.11,640,9
2010,104,0,24357,K.J. Choi,71.11,1351,19
2010,104,0,8385,Omar Uresti,71.11,640,9
2010,107,0,1706,Davis Love III,71.13,1067,15
2010,107,0,24502,Adam Scott,71.13,1067,15
2010,109,0,1116,Michael Bradley,71.14,996,14
2010,110,0,25345,Carl Pettersson,71.15,1423,20
2010,111,0,31560,Brian Stuard,71.18,783,11
2010,112,0,7867,Woody Austin,71.19,1139,16
2010,113,0,6515,Shaun Micheel,71.21,997,14
2010,114,0,24507,Jason Bohn,71.25,1140,16
2010,114,0,22046,Geoff Ogilvy,71.25,855,12
2010,116,0,27936,Martin Laird,71.28,1283,18
2010,116,0,28475,Jeff Overton,71.28,1283,18
2010,118,0,24024,Zach Johnson,71.29,1497,21
2010,119,0,1797,Rocco Mediate,71.3,713,10
2010,119,0,20160,Charlie Wi,71.3,1426,20
2010,121,0,24924,Bill Haas,71.33,1284,18
2010,121,0,20572,Rod Pampling,71.33,856,12
2010,123,0,8537,J.P. Hayes,71.36,999,14
2010,124,0,24912,Will MacKenzie,71.38,928,13
2010,125,0,22293,Heath Slocum,71.39,1642,23
2010,126,0,27466,Spencer Levin,71.42,1714,24
2010,127,0,6621,Joe Durant,71.43,1000,14
2010,128,0,21350,Ryuji Imada,71.44,1143,16
2010,129,0,7457,Steve Flesch,71.46,929,13
2010,130,0,27060,John Mallinger,71.5,715,10
2010,130,0,20663,Brenden Pappas,71.5,572,8
2010,130,0,27649,Brandt Snedeker,71.5,1287,18
2010,133,0,8075,Jerry Kelly,71.52,1502,21
2010,134,0,28307,Matt Every,71.55,787,11
2010,135,0,21753,Brian Davis,71.56,1288,18
2010,135,0,1810,Phil Mickelson,71.56,1288,18
2010,135,0,26289,Boo Weekley,71.56,1145,16
2010,138,0,27797,Derek Lamely,71.58,859,12
2010,139,0,24138,Ian Poulter,71.6,716,10
2010,140,0,27933,John Merrick,71.61,1647,23
2010,141,0,20098,Stuart Appleby,71.63,1361,19
2010,142,0,1707,Steve Lowery,71.67,430,6
2010,142,0,24490,George McNeill,71.67,860,12
2010,144,0,7749,Brett Quigley,71.68,1362,19
2010,145,0,26951,Johnson Wagner,71.69,932,13
2010,146,0,24358,Robert Garrigus,71.71,1004,14
2010,146,0,26300,Matt Jones,71.71,1219,17
2010,146,0,10860,Justin Leonard,71.71,1219,17
2010,149,0,25892,Steve Wheatcroft,71.78,646,9
2010,150,0,12782,Tim Herron,71.8,1077,15
2010,151,0,20070,Matt Bettencourt,71.85,934,13
2010,152,0,22378,Trevor Immelman,71.88,575,8
2010,153,0,9011,David Duval,71.9,719,10
2010,154,0,28089,Jason Day,71.94,1295,18
2010,155,0,20850,Daniel Chopra,72.0,576,8
2010,155,0,27613,David Lutterus,72.0,576,8
2010,155,0,28158,Steve Marino,72.0,1224,17
2010,155,0,1945,Kenny Perry,72.0,1080,15
2010,159,0,12714,Chris Tidland,72.07,1009,14
2010,160,0,1577,Lee Janzen,72.09,793,11
2010,161,0,29285,Brent Delahoussaye,72.14,505,7
2010,162,0,30925,Dustin Johnson,72.16,1371,19
2010,163,0,21959,Ted Purdy,72.17,866,12
2010,164,0,25900,Lucas Glover,72.2,1083,15
2010,165,0,27770,Camilo Villegas,72.24,1228,17
2010,166,0,7363,Craig Bowden,72.25,578,8
2010,167,0,1941,Tom Pernice Jr.,72.29,1012,14
2010,168,0,6012,Greg Kraft,72.33,217,3
2010,169,0,22056,Cameron Percy,72.36,796,11
2010,170,0,6251,Chris DiMarco,72.42,1376,19
2010,171,0,10423,Mike Weir,72.5,725,10
2010,172,0,28500,Martin Flores,72.55,798,11
2010,173,0,1619,Skip Kendall,72.64,799,11
2010,173,0,1724,Jeff Maggert,72.64,799,11
2010,175,0,27302,Garth Mulroy,72.67,436,6
2010,176,0,23718,Nathan Green,72.75,1164,16
2010,176,0,6514,Kevin Johnson,72.75,291,4
2010,178,0,12705,Cliff Kresge,72.88,583,8
2010,179,0,26287,Roland Thatcher,72.9,729,10
2010,180,0,21209,Sergio Garcia,73.0,876,12
2010,180,0,20691,Greg Owen,73.0,657,9
2010,182,0,20472,Alex Cejka,73.08,877,12
2010,183,0,26392,Chris Wilson,73.17,439,6
2010,184,0,1329,Brad Faxon,73.2,366,5
2010,185,0,23307,Roger Tambellini,73.5,882,12
2010,186,0,22122,Andrew McLardy,73.6,368,5
2010,187,0,6643,Paul Goydos,73.64,1031,14
2010,188,0,1249,John Daly,73.7,737,10
2010,189,0,20105,Jeff Gove,73.8,369,5
2010,190,0,1161,Mark Calcavecchia,73.88,591,8
2010,191,0,24227,Justin Bolli,74.67,224,3
2010,191,0,12755,Vance Veazey,74.67,448,6
2009,1,0,8793,Tiger Woods,68.4,1026,15
2009,2,0,1948,Tim Petrovic,69.06,1174,17
2009,3,0,22405,Justin Rose,69.21,969,14
2009,4,0,22371,Aaron Baddeley,69.36,763,11
2009,5,0,24781,Hunter Mahan,69.45,1528,22
2009,6,0,23541,Ben Crane,69.47,1320,19
2009,7,0,23135,Tim Clark,69.5,1251,18
2009,7,0,24924,Bill Haas,69.5,1112,16
2009,9,0,6522,Ernie Els,69.53,1043,15
2009,10,0,20593,Greg Chalmers,69.56,1113,16
2009,11,0,6004,Stephen Ames,69.67,1045,15
2009,11,0,10425,Jay Williamson,69.67,836,12
2009,13,0,26679,Kevin Stadler,69.69,906,13
2009,14,0,27214,Kevin Streelman,69.7,1394,20
2009,15,0,19846,Brian Gay,69.71,1464,21
2009,16,0,26498,Matt Weibring,69.73,767,11
2009,17,0,8075,Jerry Kelly,69.74,1325,19
2009,18,0,10809,Jim Furyk,69.75,1395,20
2009,18,0,12782,Tim Herron,69.75,1116,16
2009,18,0,23621,Rory Sabbatini,69.75,1116,16
2009,21,0,22348,Nick O'Hern,69.83,1257,18
2009,22,0,20574,Mathew Goggin,69.85,908,13
2009,23,0,23108,Matt Kuchar,69.88,1188,17
2009,24,0,23497,Tag Ridings,69.9,699,10
2009,25,0,21805,Harrison Frazar,69.94,1189,17
2009,25,0,20691,Greg Owen,69.94,1259,18
2009,25,0,23788,D.J. Trahan,69.94,1259,18
2009,28,0,25562,Andres Romero,70.0,700,10
2009,28,0,25919,Brian Vranesh,70.0,420,6
2009,28,0,27095,Nick Watney,70.0,1330,19
2009,31,0,25396,Kevin Na,70.05,1401,20
2009,32,0,28089,Jason Day,70.07,981,14
2009,33,0,25190,Jeff Quinney,70.08,911,13
2009,33,0,25632,Jimmy Walker,70.08,911,13
2009,35,0,21961,Charles Howell III,70.1,1472,21
2009,35,0,24024,Zach Johnson,70.1,1472,21
2009,37,0,6251,Chris DiMarco,70.11,1332,19
2009,37,0,30925,Dustin Johnson,70.11,1262,18
2009,39,0,27649,Brandt Snedeker,70.13,1052,15
2009,40,0,23353,J.J. Henry,70.15,1403,20
2009,40,0,1928,Corey Pavin,70.15,912,13
2009,42,0,2239,Scott Verplank,70.16,1333,19
2009,43,0,26300,Matt Jones,70.17,842,12
2009,44,0,20645,John Senden,70.2,1404,20
2009,44,0,8845,Scott Sterling,70.2,702,10
2009,46,0,6527,Steve Stricker,70.22,1264,18
2009,47,0,27466,Spencer Levin,70.23,913,13
2009,47,0,2206,David Toms,70.23,1545,22
2009,49,0,24357,K.J. Choi,70.27,773,11
2009,50,0,12705,Cliff Kresge,70.3,703,10
2009,51,0,28087,Kris Blanks,70.33,633,9
2009,52,0,20127,Chris Riley,70.35,1196,17
2009,53,0,27936,Martin Laird,70.36,774,11
2009,54,0,24502,Adam Scott,70.38,563,8
2009,55,0,20104,Ken Duke,70.43,986,14
2009,56,0,27963,Chris Stroud,70.44,1127,16
2009,57,0,20848,Ángel Cabrera,70.45,775,11
2009,57,0,21753,Brian Davis,70.45,1409,20
2009,59,0,21878,Mark Wilson,70.48,1480,21
2009,60,0,10117,Bob Heintz,70.5,705,10
2009,60,0,24503,Jeff Klauk,70.5,1410,20
2009,62,0,24140,Sean O'Hair,70.53,1199,17
2009,62,0,25345,Carl Pettersson,70.53,1058,15
2009,64,0,23614,Rich Beem,70.54,917,13
2009,64,0,21209,Sergio Garcia,70.54,917,13
2009,66,0,1320,Bob Estes,70.56,1129,16
2009,67,0,12510,Chad Campbell,70.58,1341,19
2009,67,0,10423,Mike Weir,70.58,1341,19
2009,69,0,12652,Cameron Beckman,70.59,1200,17
2009,70,0,6567,Vijay Singh,70.6,1059,15
2009,71,0,12602,Dean Wilson,70.62,918,13
2009,72,0,22961,David Mathis,70.64,989,14
2009,73,0,23623,Bo Van Pelt,70.65,1413,20
2009,74,0,1313,Steve Elkington,70.67,848,12
2009,74,0,24490,George McNeill,70.67,1060,15
2009,74,0,20160,Charlie Wi,70.67,1272,18
2009,77,0,26596,Ryan Moore,70.71,1202,17
2009,77,0,26951,Johnson Wagner,70.71,990,14
2009,79,0,23983,Luke Donald,70.72,1273,18
2009,79,0,1706,Davis Love III,70.72,1273,18
2009,81,0,23778,Brad Adamonis,70.73,778,11
2009,81,0,10885,Robert Allenby,70.73,1061,15
2009,83,0,28158,Steve Marino,70.74,1344,19
2009,84,0,10860,Justin Leonard,70.75,1415,20
2009,84,0,24138,Ian Poulter,70.75,849,12
2009,86,0,1945,Kenny Perry,70.78,1628,23
2009,87,0,23800,Bryce Molder,70.79,991,14
2009,88,0,20472,Alex Cejka,70.81,1133,16
2009,89,0,1226,Fred Couples,70.82,779,11
2009,89,0,28780,Nicholas Thompson,70.82,1204,17
2009,91,0,8931,Glen Day,70.86,992,14
2009,91,0,21959,Ted Purdy,70.86,1488,21
2009,93,0,24361,Pat Perez,70.87,1063,15
2009,94,0,27120,Troy Matteson,70.88,1205,17
2009,94,0,7749,Brett Quigley,70.88,1205,17
2009,94,0,27770,Camilo Villegas,70.88,1205,17
2009,97,0,10585,Scott McCarron,70.89,1347,19
2009,98,0,22548,Patrick Sheehan,70.91,780,11
2009,99,0,20634,Peter Lonard,70.92,851,12
2009,100,0,29221,Webb Simpson,70.94,1206,17
2009,101,0,25240,D.A. Points,70.95,1419,20
2009,102,0,24846,Ricky Barnes,71.0,781,11
2009,102,0,24507,Jason Bohn,71.0,1349,19
2009,102,0,6621,Joe Durant,71.0,781,11
2009,102,0,1707,Steve Lowery,71.0,994,14
2009,102,0,1724,Jeff Maggert,71.0,852,12
2009,102,0,26497,Casey Wittenberg,71.0,781,11
2009,108,0,25686,Jason Dufner,71.05,1350,19
2009,109,0,23548,Bill Lunde,71.07,1066,15
2009,109,0,26301,James Nitties,71.07,1066,15
2009,109,0,21949,Joe Ogilvie,71.07,995,14
2009,112,0,1132,Mark Brooks,71.1,711,10
2009,113,0,24663,Y.E. Yang,71.11,1351,19
2009,114,0,1810,Phil Mickelson,71.13,1067,15
2009,115,0,7457,Steve Flesch,71.15,925,13
2009,115,0,1577,Lee Janzen,71.15,925,13
2009,117,0,31416,Derek Fathauer,71.17,427,6
2009,118,0,1035,Tommy Armour III,71.18,783,11
2009,118,0,1161,Mark Calcavecchia,71.18,783,11
2009,120,0,27683,Leif Olson,71.2,356,5
2009,121,0,26851,Marc Leishman,71.22,1282,18
2009,122,0,24358,Robert Garrigus,71.24,1211,17
2009,122,0,6595,Kevin Sutherland,71.24,1496,21
2009,122,0,26289,Boo Weekley,71.24,1211,17
2009,125,0,23638,Brendon de Jonge,71.25,1140,16
2009,126,0,1941,Tom Pernice Jr.,71.27,1069,15
2009,126,0,25818,Scott Piercy,71.27,1069,15
2009,128,0,27060,John Mallinger,71.28,1283,18
2009,129,0,25900,Lucas Glover,71.3,1426,20
2009,130,0,24925,Jonathan Byrd,71.32,1355,19
2009,131,0,21350,Ryuji Imada,71.35,1213,17
2009,132,0,25804,Bubba Watson,71.38,928,13
2009,133,0,7867,Woody Austin,71.41,1214,17
2009,133,0,22293,Heath Slocum,71.41,1214,17
2009,135,0,6197,Michael Allen,71.43,1000,14
2009,136,0,23325,Vaughn Taylor,71.44,1143,16
2009,137,0,23320,Ryan Palmer,71.46,929,13
2009,137,0,26476,Chez Reavie,71.46,929,13
2009,139,0,20498,Briny Baird,71.5,1144,16
2009,140,0,22892,Jason Gore,71.54,930,13
2009,140,0,20572,Rod Pampling,71.54,930,13
2009,142,0,20766,Padraig Harrington,71.57,1002,14
2009,143,0,1473,Todd Hamilton,71.58,859,12
2009,144,0,21731,Freddie Jacobson,71.65,1218,17
2009,145,0,26695,Michael Letzig,71.67,1505,21
2009,146,0,10733,Kent Jones,71.69,932,13
2009,147,0,27933,John Merrick,71.76,1220,17
2009,148,0,20229,Stewart Cink,71.8,1077,15
2009,149,0,12716,Charley Hoffman,71.81,1508,21
2009,150,0,20850,Daniel Chopra,71.82,1221,17
2009,150,0,26420,Richard Johnson,71.82,1221,17
2009,152,0,28475,Jeff Overton,71.84,1365,19
2009,153,0,29718,Anthony Kim,71.94,1151,16
2009,153,0,28620,Aron Price,71.94,1295,18
2009,155,0,22621,Ben Curtis,72.0,1008,14
2009,155,0,1797,Rocco Mediate,72.0,1224,17
2009,155,0,22046,Geoff Ogilvy,72.0,1224,17
2009,158,0,30711,Colt Knost,72.09,793,11
2009,158,0,24449,Parker McLachlin,72.09,793,11
2009,160,0,1677,Tom Lehman,72.17,866,12
2009,161,0,24912,Will MacKenzie,72.2,722,10
2009,162,0,23349,Charles Warren,72.25,867,12
2009,163,0,6643,Paul Goydos,72.27,1084,15
2009,164,0,20070,Matt Bettencourt,72.28,1301,18
2009,165,0,22295,Darron Stiles,72.29,506,7
2009,166,0,23718,Nathan Green,72.3,1446,20
2009,167,0,1329,Brad Faxon,72.33,434,6
2009,167,0,6539,Rick Price,72.33,434,6
2009,169,0,22913,John Rollins,72.39,1303,18
2009,170,0,28118,Peter Tomasulo,72.4,362,5
2009,171,0,1142,Bart Bryant,72.58,871,12
2009,172,0,26668,Marc Turnesa,72.6,726,10
2009,173,0,20157,Retief Goosen,72.61,1307,18
2009,174,0,9011,David Duval,72.67,436,6
2009,175,0,2214,Kirk Triplett,72.7,727,10
2009,176,0,1766,Billy Mayfair,72.75,873,12
2009,177,0,26881,Jarrod Lyle,72.82,801,11
2009,178,0,20098,Stuart Appleby,72.87,1093,15
2009,179,0,23048,Eric Axley,73.0,438,6
2009,179,0,27141,J.B. Holmes,73.0,949,13
2009,179,0,6012,Greg Kraft,73.0,365,5
2009,182,0,30927,Brendon Todd,73.5,441,6
2009,183,0,7223,Brian Bateman,74.33,223,3
2009,184,0,31323,Gary Woodland,74.86,524,7
2008,1,0,21633,Steve Allan,68.29,478,7
2008,2,0,19913,Ron Whittaker,69.0,276,4
2008,3,0,6527,Steve Stricker,69.13,1037,15
2008,4,0,2223,Bob Tway,69.14,968,14
2008,5,0,20766,Padraig Harrington,69.18,761,11
2008,6,0,21350,Ryuji Imada,69.4,1041,15
2008,7,0,20572,Rod Pampling,69.58,835,12
2008,8,0,24781,Hunter Mahan,69.59,1183,17
2008,9,0,20634,Peter Lonard,69.81,1117,16
2008,10,0,8931,Glen Day,70.0,840,12
2008,10,0,20663,Brenden Pappas,70.0,560,8
2008,12,0,12510,Chad Campbell,70.11,1332,19
2008,12,0,20645,John Senden,70.11,1262,18
2008,14,0,23157,Richard Johnson,70.14,491,7
2008,15,0,25720,Chad Collins,70.18,772,11
2008,15,0,1313,Steve Elkington,70.18,1193,17
2008,15,0,10733,Kent Jones,70.18,772,11
2008,15,0,6567,Vijay Singh,70.18,1193,17
2008,19,0,12602,Dean Wilson,70.19,1474,21
2008,20,0,24357,K.J. Choi,70.2,1053,15
2008,20,0,30750,Tommy Gainey,70.2,351,5
2008,20,0,24361,Pat Perez,70.2,1404,20
2008,23,0,23788,D.J. Trahan,70.21,1334,19
2008,24,0,23320,Ryan Palmer,70.25,843,12
2008,25,0,22371,Aaron Baddeley,70.27,1054,15
2008,26,0,26420,Richard Johnson,70.33,633,9
2008,26,0,1810,Phil Mickelson,70.33,1266,18
2008,28,0,26695,Michael Letzig,70.36,985,14
2008,28,0,1707,Steve Lowery,70.36,774,11
2008,30,0,6004,Stephen Ames,70.39,1267,18
2008,31,0,28089,Jason Day,70.42,845,12
2008,32,0,8537,J.P. Hayes,70.43,493,7
2008,33,0,20574,Mathew Goggin,70.44,1268,18
2008,33,0,22348,Nick O'Hern,70.44,1127,16
2008,35,0,21878,Mark Wilson,70.46,1691,24
2008,36,0,10505,Shane Bertsch,70.47,1339,19
2008,36,0,21731,Freddie Jacobson,70.47,1057,15
2008,38,0,23541,Ben Crane,70.5,1269,18
2008,38,0,6522,Ernie Els,70.5,705,10
2008,38,0,20378,Mathias Grönberg,70.5,846,12
2008,38,0,8075,Jerry Kelly,70.5,987,14
2008,42,0,6595,Kevin Sutherland,70.55,1552,22
2008,43,0,27936,Martin Laird,70.58,1341,19
2008,44,0,1928,Corey Pavin,70.62,918,13
2008,45,0,21961,Charles Howell III,70.63,1342,19
2008,46,0,20472,Alex Cejka,70.64,777,11
2008,47,0,19803,Ryan Armour,70.67,848,12
2008,47,0,20104,Ken Duke,70.67,1696,24
2008,47,0,23797,Brett Rumford,70.67,636,9
2008,47,0,27770,Camilo Villegas,70.67,1272,18
2008,51,0,24490,George McNeill,70.68,1343,19
2008,52,0,12652,Cameron Beckman,70.71,990,14
2008,52,0,25562,Andres Romero,70.71,990,14
2008,52,0,25349,Tim Wilkinson,70.71,1202,17
2008,55,0,8845,Scott Sterling,70.73,1061,15
2008,56,0,28158,Steve Marino,70.74,1910,27
2008,57,0,10860,Justin Leonard,70.78,1628,23
2008,58,0,19846,Brian Gay,70.8,1416,20
2008,58,0,22892,Jason Gore,70.8,1062,15
2008,60,0,2239,Scott Verplank,70.82,1204,17
2008,61,0,12782,Tim Herron,70.84,1346,19
2008,61,0,21949,Joe Ogilvie,70.84,1346,19
2008,63,0,23409,James Driscoll,70.86,992,14
2008,63,0,1941,Tom Pernice Jr.,70.86,1559,22
2008,65,0,23718,Nathan Green,70.88,1205,17
2008,65,0,10585,Scott McCarron,70.88,567,8
2008,65,0,25345,Carl Pettersson,70.88,1772,25
2008,68,0,24924,Bill Haas,70.89,1276,18
2008,69,0,22293,Heath Slocum,70.91,1560,22
2008,70,0,1226,Fred Couples,70.92,851,12
2008,71,0,25842,Jon Mills,70.93,993,14
2008,72,0,24358,Robert Garrigus,70.94,1206,17
2008,72,0,29718,Anthony Kim,70.94,1277,18
2008,74,0,23353,J.J. Henry,70.95,1348,19
2008,75,0,20229,Stewart Cink,71.0,1278,18
2008,75,0,6621,Joe Durant,71.0,1207,17
2008,75,0,21805,Harrison Frazar,71.0,923,13
2008,75,0,20105,Jeff Gove,71.0,497,7
2008,75,0,20127,Chris Riley,71.0,639,9
2008,80,0,28780,Nicholas Thompson,71.05,1421,20
2008,81,0,1320,Bob Estes,71.06,1208,17
2008,81,0,7457,Steve Flesch,71.06,1208,17
2008,83,0,23048,Eric Axley,71.11,1351,19
2008,83,0,10423,Mike Weir,71.11,1351,19
2008,85,0,27214,Kevin Streelman,71.13,1636,23
2008,86,0,23540,Jason Allred,71.14,498,7
2008,86,0,6573,Brandt Jobe,71.14,498,7
2008,88,0,1035,Tommy Armour III,71.15,925,13
2008,88,0,21753,Brian Davis,71.15,1423,20
2008,88,0,6251,Chris DiMarco,71.15,925,13
2008,91,0,23135,Tim Clark,71.17,1281,18
2008,92,0,25364,Paul Casey,71.18,783,11
2008,93,0,1706,Davis Love III,71.19,1139,16
2008,93,0,1948,Tim Petrovic,71.19,1139,16
2008,93,0,20160,Charlie Wi,71.19,1495,21
2008,96,0,7547,Craig Kanada,71.2,712,10
2008,96,0,27060,John Mallinger,71.2,1424,20
2008,98,0,25900,Lucas Glover,71.21,1353,19
2008,99,0,10885,Robert Allenby,71.23,1852,26
2008,99,0,10875,Todd Demsey,71.23,926,13
2008,101,0,21209,Sergio Garcia,71.24,1211,17
2008,101,0,1766,Billy Mayfair,71.24,1496,21
2008,103,0,20098,Stuart Appleby,71.25,1425,20
2008,103,0,12716,Charley Hoffman,71.25,1140,16
2008,105,0,25804,Bubba Watson,71.26,1354,19
2008,106,0,8385,Omar Uresti,71.27,784,11
2008,107,0,26289,Boo Weekley,71.28,1283,18
2008,108,0,27095,Nick Watney,71.29,1497,21
2008,109,0,27933,John Merrick,71.32,1355,19
2008,110,0,6197,Michael Allen,71.33,1284,18
2008,110,0,24024,Zach Johnson,71.33,1284,18
2008,112,0,20623,Gavin Coles,71.36,785,11
2008,113,0,23623,Bo Van Pelt,71.37,1356,19
2008,114,0,12309,Bob Sowards,71.38,571,8
2008,115,0,22621,Ben Curtis,71.39,1285,18
2008,116,0,6012,Greg Kraft,71.4,714,10
2008,117,0,12823,Carlos Franco,71.42,857,12
2008,117,0,20157,Retief Goosen,71.42,857,12
2008,119,0,23778,Brad Adamonis,71.43,1000,14
2008,120,0,23125,Brad Elder,71.44,643,9
2008,120,0,20433,Mark Hensby,71.44,643,9
2008,120,0,27120,Troy Matteson,71.44,1143,16
2008,120,0,21959,Ted Purdy,71.44,643,9
2008,120,0,25190,Jeff Quinney,71.44,1143,16
2008,125,0,10809,Jim Furyk,71.45,1572,22
2008,125,0,1945,Kenny Perry,71.45,1572,22
2008,127,0,26668,Marc Turnesa,71.46,929,13
2008,128,0,1142,Bart Bryant,71.47,1215,17
2008,128,0,2206,David Toms,71.47,1072,15
2008,130,0,22913,John Rollins,71.5,1287,18
2008,131,0,24140,Sean O'Hair,71.53,1073,15
2008,132,0,20498,Briny Baird,71.54,1860,26
2008,133,0,26596,Ryan Moore,71.55,787,11
2008,134,0,23325,Vaughn Taylor,71.56,1288,18
2008,134,0,23349,Charles Warren,71.56,644,9
2008,136,0,7867,Woody Austin,71.57,1646,23
2008,136,0,27613,David Lutterus,71.57,501,7
2008,136,0,10649,Tom Scherrer,71.57,501,7
2008,139,0,25396,Kevin Na,71.58,1360,19
2008,139,0,27963,Chris Stroud,71.58,859,12
2008,141,0,26500,Alejandro Cañizares,71.6,716,10
2008,141,0,1553,John Huston,71.6,716,10
2008,143,0,25632,Jimmy Walker,71.64,788,11
2008,144,0,1388,Robert Gamez,71.67,860,12
2008,145,0,1161,Mark Calcavecchia,71.7,717,10
2008,145,0,22806,Doug LaBelle II,71.7,717,10
2008,147,0,1724,Jeff Maggert,71.73,1076,15
2008,148,0,24925,Jonathan Byrd,71.75,1148,16
2008,149,0,22046,Geoff Ogilvy,71.77,933,13
2008,150,0,23108,Matt Kuchar,71.81,1149,16
2008,151,0,24449,Parker McLachlin,71.82,1221,17
2008,152,0,12705,Cliff Kresge,71.85,934,13
2008,153,0,7749,Brett Quigley,71.87,1078,15
2008,153,0,24663,Y.E. Yang,71.87,1078,15
2008,155,0,26476,Chez Reavie,71.9,1438,20
2008,156,0,6034,Marco Dawson,71.92,863,12
2008,156,0,6643,Paul Goydos,71.92,935,13
2008,156,0,22378,Trevor Immelman,71.92,935,13
2008,159,0,26951,Johnson Wagner,71.93,1007,14
2008,160,0,23621,Rory Sabbatini,71.94,1151,16
2008,161,0,27649,Brandt Snedeker,72.0,1224,17
2008,161,0,26679,Kevin Stadler,72.0,1008,14
2008,163,0,1577,Lee Janzen,72.07,1009,14
2008,164,0,24138,Ian Poulter,72.09,793,11
2008,165,0,24502,Adam Scott,72.1,721,10
2008,166,0,24912,Will MacKenzie,72.11,649,9
2008,167,0,2002,John Riegger,72.15,938,13
2008,168,0,1139,Olin Browne,72.18,794,11
2008,169,0,30925,Dustin Johnson,72.19,1155,16
2008,169,0,22548,Patrick Sheehan,72.19,1877,26
2008,171,0,12660,Jesper Parnevik,72.2,1083,15
2008,172,0,1473,Todd Hamilton,72.24,1228,17
2008,173,0,20382,Stephen Leaney,72.25,578,8
2008,174,0,23614,Rich Beem,72.31,1157,16
2008,175,0,27141,J.B. Holmes,72.35,1230,17
2008,176,0,23497,Tag Ridings,72.36,1013,14
2008,177,0,24227,Justin Bolli,72.38,941,13
2008,178,0,28475,Jeff Overton,72.42,1376,19
2008,179,0,20850,Daniel Chopra,72.43,1014,14
2008,180,0,11032,Frank Lickliter II,72.52,1523,21
2008,181,0,26300,Matt Jones,72.53,1088,15
2008,182,0,1024,Billy Andrade,72.6,726,10
2008,182,0,9011,David Duval,72.6,363,5
2008,182,0,26631,Cody Freeman,72.6,363,5
2008,182,0,6575,Dudley Hart,72.6,1089,15
2008,186,0,27561,Nick Flanagan,72.64,1017,14
2008,187,0,1677,Tom Lehman,72.88,583,8
2008,187,0,12680,Shigeki Maruyama,72.88,583,8
2008,189,0,20848,Ángel Cabrera,72.89,656,9
2008,190,0,6090,Jim McGovern,72.91,802,11
2008,191,0,10425,Jay Williamson,72.94,1167,16
2008,192,0,20443,Jin Park,73.0,876,12
2008,193,0,1797,Rocco Mediate,73.06,1169,16
2008,194,0,12826,Paul Claxton,73.29,513,7
2008,195,0,25594,Travis Perkins,73.33,220,3
2008,196,0,22582,Kyle Thompson,73.75,590,8
2008,197,0,21461,Kenneth Ferrie,73.8,738,10
2007,1,0,8793,Tiger Woods,68.8,1032,15
2007,2,0,20472,Alex Cejka,69.56,1113,16
2007,3,0,23623,Bo Van Pelt,69.68,1533,22
2007,4,0,24925,Jonathan Byrd,69.69,906,13
2007,5,0,23621,Rory Sabbatini,69.71,1185,17
2007,6,0,6522,Ernie Els,69.79,977,14
2007,7,0,29718,Anthony Kim,69.8,1396,20
2007,8,0,22293,Heath Slocum,69.82,1536,22
2007,9,0,24361,Pat Perez,69.94,1119,16
2007,10,0,10809,Jim Furyk,69.95,1329,19
2007,11,0,24138,Ian Poulter,70.0,910,13
2007,12,0,27649,Brandt Snedeker,70.09,1612,23
2007,13,0,1766,Billy Mayfair,70.11,1262,18
2007,13,0,27963,Chris Stroud,70.11,631,9
2007,15,0,2104,Jeff Sluman,70.13,561,8
2007,16,0,28475,Jeff Overton,70.18,772,11
2007,17,0,1157,Tom Byrum,70.2,351,5
2007,18,0,6034,Marco Dawson,70.23,913,13
2007,19,0,21949,Joe Ogilvie,70.26,1335,19
2007,20,0,10885,Robert Allenby,70.29,1195,17
2007,21,0,22295,Darron Stiles,70.38,563,8
2007,22,0,2206,David Toms,70.39,1267,18
2007,23,0,1810,Phil Mickelson,70.4,1056,15
2007,24,0,23322,Brett Wetterich,70.44,1127,16
2007,25,0,6567,Vijay Singh,70.46,1691,24
2007,26,0,1161,Mark Calcavecchia,70.47,1339,19
2007,27,0,24357,K.J. Choi,70.5,1269,18
2007,27,0,1706,Davis Love III,70.5,846,12
2007,29,0,21209,Sergio Garcia,70.53,1058,15
2007,29,0,26596,Ryan Moore,70.53,1199,17
2007,31,0,20645,John Senden,70.57,1482,21
2007,32,0,20574,Mathew Goggin,70.58,1341,19
2007,33,0,23353,J.J. Henry,70.59,1200,17
2007,33,0,27770,Camilo Villegas,70.59,1200,17
2007,35,0,10213,Dicky Pride,70.6,706,10
2007,36,0,1797,Rocco Mediate,70.64,989,14
2007,37,0,21731,Freddie Jacobson,70.67,1060,15
2007,37,0,6527,Steve Stricker,70.67,1272,18
2007,39,0,24781,Hunter Mahan,70.72,1273,18
2007,40,0,23108,Matt Kuchar,70.75,1132,16
2007,41,0,10860,Justin Leonard,70.76,1203,17
2007,42,0,1142,Bart Bryant,70.78,1274,18
2007,42,0,22806,Doug LaBelle II,70.78,1274,18
2007,44,0,20382,Stephen Leaney,70.8,1062,15
2007,44,0,1948,Tim Petrovic,70.8,1416,20
2007,46,0,26289,Boo Weekley,70.85,1417,20
2007,47,0,11032,Frank Lickliter II,70.89,1276,18
2007,48,0,10117,Bob Heintz,70.93,1064,15
2007,49,0,24024,Zach Johnson,70.94,1206,17
2007,50,0,20229,Stewart Cink,70.95,1419,20
2007,51,0,23135,Tim Clark,71.0,994,14
2007,51,0,23983,Luke Donald,71.0,994,14
2007,51,0,22892,Jason Gore,71.0,1136,16
2007,51,0,20766,Padraig Harrington,71.0,994,14
2007,51,0,12782,Tim Herron,71.0,1562,22
2007,51,0,20634,Peter Lonard,71.0,1065,15
2007,51,0,26881,Jarrod Lyle,71.0,994,14
2007,51,0,22405,Justin Rose,71.0,994,14
2007,59,0,20572,Rod Pampling,71.05,1492,21
2007,60,0,12660,Jesper Parnevik,71.06,1137,16
2007,60,0,24502,Adam Scott,71.06,1137,16
2007,60,0,10423,Mike Weir,71.06,1279,18
2007,63,0,26420,Richard Johnson,71.07,1066,15
2007,64,0,19803,Ryan Armour,71.1,1493,21
2007,64,0,20850,Daniel Chopra,71.1,1422,20
2007,66,0,26882,Michael Sim,71.11,640,9
2007,66,0,21878,Mark Wilson,71.11,1280,18
2007,68,0,1313,Steve Elkington,71.12,1209,17
2007,69,0,20628,Arron Oberholser,71.13,1138,16
2007,70,0,8075,Jerry Kelly,71.14,1494,21
2007,71,0,24449,Parker McLachlin,71.15,925,13
2007,72,0,8931,Glen Day,71.19,1139,16
2007,72,0,20378,Mathias Grönberg,71.19,1139,16
2007,72,0,27933,John Merrick,71.19,1139,16
2007,72,0,24140,Sean O'Hair,71.19,1495,21
2007,76,0,11123,Chris Couch,71.2,712,10
2007,77,0,23320,Ryan Palmer,71.21,997,14
2007,78,0,23718,Nathan Green,71.23,1567,22
2007,79,0,1249,John Daly,71.25,570,8
2007,80,0,20691,Greg Owen,71.27,784,11
2007,81,0,12602,Dean Wilson,71.28,1283,18
2007,82,0,1035,Tommy Armour III,71.31,1141,16
2007,82,0,20623,Gavin Coles,71.31,1141,16
2007,82,0,25804,Bubba Watson,71.31,927,13
2007,85,0,25273,Andrew Buckle,71.33,856,12
2007,85,0,20104,Ken Duke,71.33,1712,24
2007,87,0,21350,Ryuji Imada,71.35,1427,20
2007,87,0,24912,Will MacKenzie,71.35,1427,20
2007,89,0,24980,Scott Gutschewski,71.36,785,11
2007,89,0,22913,John Rollins,71.36,1570,22
2007,91,0,24924,Bill Haas,71.38,1142,16
2007,91,0,12680,Shigeki Maruyama,71.38,928,13
2007,91,0,12714,Chris Tidland,71.38,571,8
2007,94,0,24490,George McNeill,71.39,1285,18
2007,95,0,25345,Carl Pettersson,71.42,1714,24
2007,96,0,25900,Lucas Glover,71.43,1500,21
2007,97,0,2239,Scott Verplank,71.44,1286,18
2007,98,0,7867,Woody Austin,71.45,1429,20
2007,99,0,8537,J.P. Hayes,71.47,1072,15
2007,99,0,21961,Charles Howell III,71.47,1215,17
2007,99,0,10733,Kent Jones,71.47,1215,17
2007,99,0,1945,Kenny Perry,71.47,1215,17
2007,103,0,1577,Lee Janzen,71.5,572,8
2007,103,0,1677,Tom Lehman,71.5,858,12
2007,105,0,21805,Harrison Frazar,71.55,787,11
2007,105,0,10425,Jay Williamson,71.55,787,11
2007,107,0,23933,Michael Boyd,71.56,644,9
2007,108,0,1132,Mark Brooks,71.57,501,7
2007,108,0,21753,Brian Davis,71.57,1503,21
2007,108,0,8375,Paul Stankowski,71.57,501,7
2007,111,0,27095,Nick Watney,71.59,1217,17
2007,112,0,23788,D.J. Trahan,71.61,1289,18
2007,113,0,1388,Robert Gamez,71.62,931,13
2007,114,0,20160,Charlie Wi,71.72,1291,18
2007,115,0,23638,Brendon de Jonge,71.75,861,12
2007,116,0,28158,Steve Marino,71.76,1507,21
2007,117,0,22212,Craig Lile,71.79,1005,14
2007,118,0,20498,Briny Baird,71.81,1867,26
2007,119,0,24358,Robert Garrigus,71.83,1293,18
2007,119,0,22046,Geoff Ogilvy,71.83,1293,18
2007,121,0,21959,Ted Purdy,71.84,1365,19
2007,122,0,19846,Brian Gay,71.86,1509,21
2007,122,0,27702,Matt Hendrix,71.86,503,7
2007,124,0,1024,Billy Andrade,71.88,1150,16
2007,124,0,6515,Shaun Micheel,71.88,1150,16
2007,124,0,6595,Kevin Sutherland,71.88,1222,17
2007,127,0,21806,Paul Gow,71.89,647,9
2007,127,0,25190,Jeff Quinney,71.89,1294,18
2007,129,0,1381,Fred Funk,71.92,863,12
2007,129,0,20127,Chris Riley,71.92,863,12
2007,131,0,6197,Michael Allen,71.93,1079,15
2007,132,0,1320,Bob Estes,72.0,1152,16
2007,132,0,25396,Kevin Na,72.0,1152,16
2007,132,0,2036,Jim Rutledge,72.0,360,5
2007,132,0,21528,Henrik Stenson,72.0,648,9
2007,132,0,2214,Kirk Triplett,72.0,864,12
2007,137,0,20157,Retief Goosen,72.09,793,11
2007,137,0,6643,Paul Goydos,72.09,793,11
2007,139,0,23349,Charles Warren,72.1,1514,21
2007,140,0,23325,Vaughn Taylor,72.11,1298,18
2007,141,0,1928,Corey Pavin,72.13,1082,15
2007,142,0,21633,Steve Allan,72.15,938,13
2007,142,0,7363,Craig Bowden,72.15,938,13
2007,144,0,12652,Cameron Beckman,72.16,1371,19
2007,145,0,12716,Charley Hoffman,72.17,1299,18
2007,146,0,25892,Steve Wheatcroft,72.2,722,10
2007,147,0,1941,Tom Pernice Jr.,72.25,1445,20
2007,148,0,12705,Cliff Kresge,72.26,1662,23
2007,148,0,2223,Bob Tway,72.26,1373,19
2007,150,0,26951,Johnson Wagner,72.27,1084,15
2007,151,0,20859,Anders Hansen,72.3,723,10
2007,152,0,22371,Aaron Baddeley,72.33,1302,18
2007,152,0,27060,John Mallinger,72.33,1302,18
2007,152,0,21660,Jason Schultz,72.33,651,9
2007,155,0,20098,Stuart Appleby,72.36,1013,14
2007,156,0,23048,Eric Axley,72.38,1158,16
2007,156,0,20433,Mark Hensby,72.38,1158,16
2007,158,0,27120,Troy Matteson,72.41,1231,17
2007,159,0,7547,Craig Kanada,72.45,1449,20
2007,160,0,6004,Stephen Ames,72.47,1232,17
2007,161,0,19824,Craig Barlow,72.5,725,10
2007,162,0,22621,Ben Curtis,72.53,1088,15
2007,162,0,7749,Brett Quigley,72.53,1088,15
2007,164,0,19972,José Coceres,72.56,653,9
2007,164,0,6621,Joe Durant,72.56,1161,16
2007,166,0,28486,Michael Putnam,72.58,1379,19
2007,167,0,23614,Rich Beem,72.59,1234,17
2007,168,0,23613,Rich Barcelo,72.62,944,13
2007,168,0,22348,Nick O'Hern,72.62,944,13
2007,170,0,27141,J.B. Holmes,72.67,872,12
2007,171,0,24507,Jason Bohn,72.73,800,11
2007,171,0,21470,Daisuke Maruyama,72.73,1091,15
2007,173,0,23497,Tag Ridings,72.75,582,8
2007,174,0,22378,Trevor Immelman,72.79,1019,14
2007,174,0,8881,Tripp Isenhour,72.79,1019,14
2007,176,0,12195,Tom Johnson,72.82,801,11
2007,176,0,2246,Duffy Waldorf,72.82,801,11
2007,178,0,1707,Steve Lowery,72.86,1020,14
2007,179,0,6251,Chris DiMarco,72.87,1093,15
2007,180,0,8123,Jeff Brehaut,72.88,583,8
2007,181,0,21646,David Branshaw,72.9,729,10
2007,181,0,20105,Jeff Gove,72.9,1458,20
2007,183,0,2101,Joey Sindelar,72.92,875,12
2007,184,0,1724,Jeff Maggert,72.93,1094,15
2007,185,0,7457,Steve Flesch,72.95,1386,19
2007,186,0,6373,José María Olazábal,73.0,730,10
2007,187,0,26679,Kevin Stadler,73.06,1169,16
2007,188,0,1473,Todd Hamilton,73.11,658,9
2007,189,0,12510,Chad Campbell,73.12,1243,17
2007,190,0,23800,Bryce Molder,73.29,513,7
2007,191,0,7223,Brian Bateman,73.33,660,9
2007,192,0,24457,Jaco Van Zyl,73.5,294,4
2007,193,0,25686,Jason Dufner,73.65,1252,17
2007,194,0,29476,Kyle Reifers,73.67,663,9
2007,195,0,24290,D.J. Brigman,74.09,815,11
2007,196,0,26360,Bubba Dickerson,74.83,449,6
2006,1,0,8793,Tiger Woods,68.75,825,12
2006,2,0,6527,Steve Stricker,69.27,1039,15
2006,3,0,8385,Omar Uresti,69.5,556,8
2006,4,0,10809,Jim Furyk,69.71,1464,21
2006,5,0,20229,Stewart Cink,69.8,1396,20
2006,6,0,7749,Brett Quigley,69.95,1399,20
2006,7,0,23048,Eric Axley,70.0,1120,16
2006,8,0,1042,Paul Azinger,70.06,1121,16
2006,8,0,10733,Kent Jones,70.06,1261,18
2006,10,0,23983,Luke Donald,70.13,1052,15
2006,10,0,24502,Adam Scott,70.13,1122,16
2006,12,0,6350,Bob May,70.18,772,11
2006,13,0,11032,Frank Lickliter II,70.21,1334,19
2006,14,0,23322,Brett Wetterich,70.25,1124,16
2006,15,0,19846,Brian Gay,70.27,1546,22
2006,16,0,12680,Shigeki Maruyama,70.28,1265,18
2006,17,0,21350,Ryuji Imada,70.29,1476,21
2006,17,0,12660,Jesper Parnevik,70.29,1195,17
2006,19,0,1941,Tom Pernice Jr.,70.32,1336,19
2006,20,0,24925,Jonathan Byrd,70.33,844,12
2006,20,0,1766,Billy Mayfair,70.33,1266,18
2006,20,0,25632,Jimmy Walker,70.33,633,9
2006,23,0,23325,Vaughn Taylor,70.39,1267,18
2006,24,0,21949,Joe Ogilvie,70.41,1197,17
2006,25,0,20105,Jeff Gove,70.47,1057,15
2006,25,0,6575,Dudley Hart,70.47,1057,15
2006,25,0,22378,Trevor Immelman,70.47,1339,19
2006,28,0,24781,Hunter Mahan,70.48,1480,21
2006,29,0,20593,Greg Chalmers,70.5,423,6
2006,29,0,21753,Brian Davis,70.5,1269,18
2006,29,0,20382,Stephen Leaney,70.5,987,14
2006,32,0,1381,Fred Funk,70.58,1694,24
2006,33,0,20498,Briny Baird,70.6,1059,15
2006,34,0,6373,José María Olazábal,70.62,918,13
2006,35,0,20812,Tjaart van der Walt,70.63,565,8
2006,36,0,25804,Bubba Watson,70.64,989,14
2006,37,0,6004,Stephen Ames,70.67,848,12
2006,37,0,23673,Michael Connell,70.67,212,3
2006,37,0,20574,Mathew Goggin,70.67,636,9
2006,37,0,2206,David Toms,70.67,1060,15
2006,41,0,6567,Vijay Singh,70.71,1697,24
2006,42,0,20098,Stuart Appleby,70.72,1273,18
2006,43,0,8123,Jeff Brehaut,70.73,1061,15
2006,44,0,24357,K.J. Choi,70.76,1486,21
2006,45,0,23353,J.J. Henry,70.78,1274,18
2006,46,0,1945,Kenny Perry,70.8,1062,15
2006,47,0,25900,Lucas Glover,70.81,1487,21
2006,48,0,22293,Heath Slocum,70.82,1204,17
2006,49,0,24138,Ian Poulter,70.83,850,12
2006,49,0,22913,John Rollins,70.83,1275,18
2006,51,0,25345,Carl Pettersson,70.84,1346,19
2006,52,0,1035,Tommy Armour III,70.89,638,9
2006,52,0,24924,Bill Haas,70.89,1276,18
2006,54,0,20157,Retief Goosen,70.93,993,14
2006,55,0,6515,Shaun Micheel,70.94,1277,18
2006,55,0,22548,Patrick Sheehan,70.94,1135,16
2006,57,0,24507,Jason Bohn,71.0,1633,23
2006,57,0,20766,Padraig Harrington,71.0,781,11
2006,57,0,21470,Daisuke Maruyama,71.0,1065,15
2006,60,0,20645,John Senden,71.05,1350,19
2006,61,0,8075,Jerry Kelly,71.06,1279,18
2006,61,0,2246,Duffy Waldorf,71.06,1279,18
2006,63,0,19913,Ron Whittaker,71.08,924,13
2006,64,0,21646,David Branshaw,71.1,1422,20
2006,64,0,2104,Jeff Sluman,71.1,1493,21
2006,66,0,7223,Brian Bateman,71.11,640,9
2006,66,0,12645,Brent Geiberger,71.11,1351,19
2006,66,0,20628,Arron Oberholser,71.11,1280,18
2006,66,0,23349,Charles Warren,71.11,1351,19
2006,70,0,26420,Richard Johnson,71.12,1209,17
2006,71,0,22371,Aaron Baddeley,71.14,996,14
2006,71,0,1619,Skip Kendall,71.14,996,14
2006,73,0,21959,Ted Purdy,71.18,1210,17
2006,74,0,1313,Steve Elkington,71.22,641,9
2006,75,0,23788,D.J. Trahan,71.23,926,13
2006,76,0,2101,Joey Sindelar,71.27,1069,15
2006,77,0,1707,Steve Lowery,71.32,1355,19
2006,77,0,12602,Dean Wilson,71.32,1569,22
2006,79,0,1948,Tim Petrovic,71.33,1070,15
2006,79,0,11011,Mike Sposa,71.33,642,9
2006,81,0,6643,Paul Goydos,71.36,785,11
2006,82,0,28475,Jeff Overton,71.37,1356,19
2006,83,0,20472,Alex Cejka,71.38,1142,16
2006,83,0,1706,Davis Love III,71.38,1142,16
2006,85,0,26360,Bubba Dickerson,71.39,1285,18
2006,86,0,11123,Chris Couch,71.4,714,10
2006,86,0,10860,Justin Leonard,71.4,1071,15
2006,88,0,1928,Corey Pavin,71.42,857,12
2006,88,0,2239,Scott Verplank,71.42,1357,19
2006,88,0,27095,Nick Watney,71.42,1357,19
2006,91,0,1685,J.L. Lewis,71.45,786,11
2006,92,0,10885,Robert Allenby,71.47,1215,17
2006,92,0,22946,Henrik Bjornstad,71.47,1215,17
2006,92,0,12510,Chad Campbell,71.47,1358,19
2006,92,0,1810,Phil Mickelson,71.47,1215,17
2006,92,0,20572,Rod Pampling,71.47,1358,19
2006,97,0,12716,Charley Hoffman,71.48,1501,21
2006,98,0,8537,J.P. Hayes,71.5,572,8
2006,99,0,21805,Harrison Frazar,71.53,1216,17
2006,99,0,24912,Will MacKenzie,71.53,1073,15
2006,101,0,27770,Camilo Villegas,71.56,1288,18
2006,102,0,24980,Scott Gutschewski,71.57,501,7
2006,103,0,6621,Joe Durant,71.59,1575,22
2006,104,0,1666,Bernhard Langer,71.62,931,13
2006,105,0,22621,Ben Curtis,71.65,1218,17
2006,106,0,21407,Arjun Atwal,71.67,1075,15
2006,106,0,6251,Chris DiMarco,71.67,1075,15
2006,106,0,27943,Matt Hansen,71.67,645,9
2006,106,0,1761,Len Mattiace,71.67,430,6
2006,110,0,1329,Brad Faxon,71.69,932,13
2006,110,0,12823,Carlos Franco,71.69,932,13
2006,112,0,23320,Ryan Palmer,71.7,1434,20
2006,113,0,6197,Michael Allen,71.71,1219,17
2006,113,0,2223,Bob Tway,71.71,1004,14
2006,115,0,24024,Zach Johnson,71.74,1363,19
2006,116,0,1823,Larry Mize,71.75,574,8
2006,116,0,25240,D.A. Points,71.75,861,12
2006,118,0,7457,Steve Flesch,71.76,1794,25
2006,119,0,1142,Bart Bryant,71.78,1292,18
2006,119,0,23621,Rory Sabbatini,71.78,1292,18
2006,121,0,6034,Marco Dawson,71.81,1149,16
2006,121,0,22046,Geoff Ogilvy,71.81,1149,16
2006,123,0,1219,John Cook,71.82,790,11
2006,123,0,1577,Lee Janzen,71.82,790,11
2006,125,0,27120,Troy Matteson,71.83,1293,18
2006,126,0,1024,Billy Andrade,71.86,1006,14
2006,127,0,20378,Mathias Grönberg,71.87,1078,15
2006,128,0,2110,Jerry Smith,71.88,1222,17
2006,129,0,21961,Charles Howell III,71.89,1366,19
2006,130,0,22405,Justin Rose,71.9,1438,20
2006,131,0,23718,Nathan Green,71.91,1654,23
2006,132,0,8835,Kris Cox,71.92,863,12
2006,132,0,1553,John Huston,71.92,863,12
2006,132,0,26596,Ryan Moore,71.92,863,12
2006,135,0,23541,Ben Crane,71.94,1223,17
2006,135,0,1320,Bob Estes,71.94,1223,17
2006,135,0,20094,Jonathan Kaye,71.94,1151,16
2006,138,0,23135,Tim Clark,72.0,1296,18
2006,138,0,22892,Jason Gore,72.0,1008,14
2006,138,0,1677,Tom Lehman,72.0,864,12
2006,138,0,6595,Kevin Sutherland,72.0,1368,19
2006,142,0,6522,Ernie Els,72.06,1153,16
2006,142,0,6573,Brandt Jobe,72.06,1225,17
2006,144,0,20691,Greg Owen,72.07,1081,15
2006,145,0,7867,Woody Austin,72.09,1586,22
2006,145,0,9011,David Duval,72.09,793,11
2006,147,0,12760,Danny Ellis,72.1,721,10
2006,147,0,21731,Freddie Jacobson,72.1,721,10
2006,149,0,24358,Robert Garrigus,72.13,1082,15
2006,150,0,20121,Todd Fischer,72.19,1155,16
2006,151,0,27141,J.B. Holmes,72.2,1083,15
2006,152,0,19881,Robert Damron,72.23,939,13
2006,153,0,1388,Robert Gamez,72.25,1156,16
2006,154,0,24140,Sean O'Hair,72.26,1373,19
2006,155,0,19824,Craig Barlow,72.27,1084,15
2006,155,0,20127,Chris Riley,72.27,1084,15
2006,157,0,20850,Daniel Chopra,72.29,1518,21
2006,158,0,8375,Paul Stankowski,72.31,940,13
2006,159,0,6012,Greg Kraft,72.33,868,12
2006,159,0,20631,David McKenzie,72.33,868,12
2006,159,0,23307,Roger Tambellini,72.33,434,6
2006,162,0,1473,Todd Hamilton,72.38,579,8
2006,163,0,12755,Vance Veazey,72.4,724,10
2006,164,0,25935,John Engler Jr.,72.43,507,7
2006,164,0,23623,Bo Van Pelt,72.43,1666,23
2006,166,0,20099,Doug Barron,72.5,725,10
2006,166,0,21660,Jason Schultz,72.5,725,10
2006,166,0,2106,Chris Smith,72.5,870,12
2006,169,0,10423,Mike Weir,72.53,1378,19
2006,170,0,12662,Thomas Levet,72.56,653,9
2006,171,0,20608,David Howell,72.6,726,10
2006,171,0,21878,Mark Wilson,72.6,1089,15
2006,173,0,1139,Olin Browne,72.68,1599,22
2006,174,0,1724,Jeff Maggert,72.71,1018,14
2006,174,0,28780,Nicholas Thompson,72.71,1018,14
2006,176,0,23614,Rich Beem,72.73,1091,15
2006,177,0,23497,Tag Ridings,72.76,1237,17
2006,178,0,12782,Tim Herron,72.86,1020,14
2006,178,0,1887,Mark O'Meara,72.86,510,7
2006,180,0,1226,Fred Couples,72.89,656,9
2006,181,0,21209,Sergio Garcia,72.92,875,12
2006,182,0,1599,Steve Jones,72.93,1021,14
2006,183,0,10505,Shane Bertsch,73.0,1387,19
2006,183,0,25842,Jon Mills,73.0,438,6
2006,185,0,25936,Alex Aragon,73.17,439,6
2006,186,0,1132,Mark Brooks,73.22,659,9
2006,186,0,10565,Ian Leggatt,73.22,659,9
2006,186,0,24361,Pat Perez,73.22,659,9
2006,189,0,23616,Ryan Hietala,73.29,513,7
2006,190,0,2214,Kirk Triplett,73.3,733,10
2006,191,0,20634,Peter Lonard,73.35,1247,17
2006,192,0,1161,Mark Calcavecchia,73.67,1547,21
2006,193,0,23409,James Driscoll,73.82,812,11
2006,194,0,7013,Wes Short Jr.,74.14,1038,14
2006,195,0,1249,John Daly,74.57,522,7
2006,196,0,20548,Hidemichi Tanaka,74.71,523,7
2005,1,0,8793,Tiger Woods,69.22,1246,18
2005,2,0,8385,Omar Uresti,69.38,1110,16
2005,3,0,23614,Rich Beem,69.43,486,7
2005,3,0,8545,Glen Hnatiuk,69.43,486,7
2005,5,0,23349,Charles Warren,69.47,1042,15
2005,6,0,23541,Ben Crane,69.76,1186,17
2005,7,0,1361,Dan Forsman,69.78,628,9
2005,8,0,6567,Vijay Singh,69.84,1746,25
2005,9,0,8123,Jeff Brehaut,69.92,839,12
2005,10,0,1142,Bart Bryant,69.95,1329,19
2005,11,0,20663,Brenden Pappas,70.0,700,10
2005,12,0,10809,Jim Furyk,70.05,1541,22
2005,13,0,25240,D.A. Points,70.07,981,14
2005,14,0,1320,Bob Estes,70.09,1542,22
2005,15,0,1219,John Cook,70.1,701,10
2005,16,0,2206,David Toms,70.12,1192,17
2005,17,0,10885,Robert Allenby,70.13,1122,16
2005,17,0,25900,Lucas Glover,70.13,1122,16
2005,19,0,23353,J.J. Henry,70.15,1403,20
2005,20,0,6599,John Elliott,70.17,421,6
2005,21,0,12680,Shigeki Maruyama,70.23,1545,22
2005,22,0,20099,Doug Barron,70.27,773,11
2005,22,0,22293,Heath Slocum,70.27,1546,22
2005,24,0,2010,Loren Roberts,70.3,703,10
2005,25,0,23497,Tag Ridings,70.31,1125,16
2005,26,0,12782,Tim Herron,70.32,1547,22
2005,27,0,20812,Tjaart van der Walt,70.33,633,9
2005,28,0,1766,Billy Mayfair,70.35,1829,26
2005,29,0,8931,Glen Day,70.38,915,13
2005,29,0,1797,Rocco Mediate,70.38,1126,16
2005,31,0,6197,Michael Allen,70.4,1056,15
2005,31,0,1706,Davis Love III,70.4,1056,15
2005,33,0,1226,Fred Couples,70.43,986,14
2005,34,0,26420,Richard Johnson,70.44,634,9
2005,35,0,23325,Vaughn Taylor,70.45,1409,20
2005,36,0,12510,Chad Campbell,70.48,1480,21
2005,37,0,1139,Olin Browne,70.53,1340,19
2005,38,0,24227,Justin Bolli,70.6,706,10
2005,38,0,25396,Kevin Na,70.6,1059,15
2005,40,0,6332,Neal Lancaster,70.61,1271,18
2005,41,0,1329,Brad Faxon,70.62,918,13
2005,42,0,26679,Kevin Stadler,70.71,990,14
2005,42,0,2223,Bob Tway,70.71,1202,17
2005,44,0,20548,Hidemichi Tanaka,70.74,1344,19
2005,45,0,1948,Tim Petrovic,70.75,1132,16
2005,46,0,10117,Bob Heintz,70.78,637,9
2005,47,0,27095,Nick Watney,70.79,991,14
2005,48,0,23322,Brett Wetterich,70.8,708,10
2005,49,0,22405,Justin Rose,70.81,1487,21
2005,50,0,24507,Jason Bohn,70.83,1275,18
2005,50,0,1945,Kenny Perry,70.83,1275,18
2005,52,0,1677,Tom Lehman,70.86,992,14
2005,52,0,1928,Corey Pavin,70.86,992,14
2005,54,0,2246,Duffy Waldorf,70.87,1063,15
2005,55,0,22371,Aaron Baddeley,70.88,1134,16
2005,56,0,24024,Zach Johnson,70.9,1418,20
2005,57,0,6621,Joe Durant,70.94,1135,16
2005,58,0,21805,Harrison Frazar,70.95,1419,20
2005,59,0,20229,Stewart Cink,71.0,1491,21
2005,59,0,12826,Paul Claxton,71.0,781,11
2005,59,0,28088,Matt Davidson,71.0,426,6
2005,59,0,20094,Jonathan Kaye,71.0,1065,15
2005,59,0,23108,Matt Kuchar,71.0,639,9
2005,64,0,6573,Brandt Jobe,71.05,1492,21
2005,65,0,10201,Matt Gogel,71.09,782,11
2005,66,0,6527,Steve Stricker,71.1,711,10
2005,67,0,6034,Marco Dawson,71.11,1280,18
2005,67,0,1685,J.L. Lewis,71.11,1351,19
2005,69,0,1313,Steve Elkington,71.13,1067,15
2005,70,0,1810,Phil Mickelson,71.17,1281,18
2005,71,0,10425,Jay Williamson,71.18,783,11
2005,71,0,21878,Mark Wilson,71.18,783,11
2005,73,0,10860,Justin Leonard,71.19,1139,16
2005,74,0,21961,Charles Howell III,71.21,1353,19
2005,74,0,1553,John Huston,71.21,997,14
2005,74,0,20628,Arron Oberholser,71.21,997,14
2005,77,0,2104,Jeff Sluman,71.25,1425,20
2005,77,0,2239,Scott Verplank,71.25,1425,20
2005,79,0,23983,Luke Donald,71.27,1069,15
2005,80,0,20498,Briny Baird,71.28,1283,18
2005,81,0,1707,Steve Lowery,71.29,1212,17
2005,82,0,12645,Brent Geiberger,71.3,713,10
2005,82,0,20766,Padraig Harrington,71.3,713,10
2005,82,0,24140,Sean O'Hair,71.3,1640,23
2005,85,0,24604,Hunter Haas,71.31,927,13
2005,86,0,21753,Brian Davis,71.33,1070,15
2005,86,0,19846,Brian Gay,71.33,1284,18
2005,86,0,10962,Bradley Hughes,71.33,428,6
2005,89,0,24290,D.J. Brigman,71.36,785,11
2005,89,0,23409,James Driscoll,71.36,785,11
2005,89,0,1381,Fred Funk,71.36,1570,22
2005,92,0,23552,Hank Kuehne,71.42,857,12
2005,93,0,23036,Chris Anderson,71.43,500,7
2005,93,0,1666,Bernhard Langer,71.43,1000,14
2005,93,0,1941,Tom Pernice Jr.,71.43,1643,23
2005,93,0,25847,Rob Rashell,71.43,500,7
2005,97,0,21209,Sergio Garcia,71.44,1143,16
2005,97,0,6575,Dudley Hart,71.44,1286,18
2005,97,0,1487,Jeff Hart,71.44,643,9
2005,100,0,22295,Darron Stiles,71.46,929,13
2005,100,0,23788,D.J. Trahan,71.46,929,13
2005,102,0,12823,Carlos Franco,71.47,1072,15
2005,102,0,24781,Hunter Mahan,71.47,1358,19
2005,104,0,23135,Tim Clark,71.5,1430,20
2005,104,0,23320,Ryan Palmer,71.5,1287,18
2005,104,0,20645,John Senden,71.5,1573,22
2005,107,0,23623,Bo Van Pelt,71.52,1645,23
2005,108,0,24980,Scott Gutschewski,71.53,1073,15
2005,109,0,21407,Arjun Atwal,71.56,1145,16
2005,109,0,6251,Chris DiMarco,71.56,1145,16
2005,111,0,1157,Tom Byrum,71.6,1074,15
2005,111,0,25345,Carl Pettersson,71.6,1432,20
2005,113,0,22548,Patrick Sheehan,71.62,1504,21
2005,114,0,1927,Dennis Paulson,71.63,573,8
2005,115,0,21350,Ryuji Imada,71.67,1075,15
2005,115,0,10912,Craig Perks,71.67,430,6
2005,115,0,20474,Phillip Price,71.67,860,12
2005,118,0,20382,Stephen Leaney,71.69,1147,16
2005,119,0,24925,Jonathan Byrd,71.71,1506,21
2005,119,0,23725,Brendan Jones,71.71,1004,14
2005,121,0,20098,Stuart Appleby,71.72,1291,18
2005,122,0,20157,Retief Goosen,71.73,1076,15
2005,123,0,20850,Daniel Chopra,71.74,1363,19
2005,124,0,1024,Billy Andrade,71.75,1148,16
2005,124,0,21949,Joe Ogilvie,71.75,1435,20
2005,126,0,7867,Woody Austin,71.76,1507,21
2005,126,0,7749,Brett Quigley,71.76,1220,17
2005,128,0,2214,Kirk Triplett,71.78,646,9
2005,129,0,22913,John Rollins,71.79,1364,19
2005,130,0,1161,Mark Calcavecchia,71.8,1436,20
2005,131,0,8725,Tom Gillis,71.83,862,12
2005,131,0,11032,Frank Lickliter II,71.83,1293,18
2005,131,0,2101,Joey Sindelar,71.83,1652,23
2005,134,0,21951,Joey Snyder III,71.84,1365,19
2005,135,0,1724,Jeff Maggert,71.87,1078,15
2005,135,0,23621,Rory Sabbatini,71.87,1078,15
2005,137,0,12652,Cameron Beckman,71.88,1150,16
2005,137,0,1619,Skip Kendall,71.88,575,8
2005,139,0,8075,Jerry Kelly,71.9,1438,20
2005,140,0,1577,Lee Janzen,71.91,791,11
2005,140,0,22046,Geoff Ogilvy,71.91,1582,22
2005,142,0,24912,Will MacKenzie,71.92,863,12
2005,142,0,26287,Roland Thatcher,71.92,863,12
2005,144,0,20691,Greg Owen,71.94,1295,18
2005,145,0,6004,Stephen Ames,72.0,1296,18
2005,145,0,7223,Brian Bateman,72.0,1224,17
2005,145,0,20378,Mathias Grönberg,72.0,792,11
2005,145,0,8993,Franklin Langham,72.0,936,13
2005,145,0,6373,José María Olazábal,72.0,936,13
2005,145,0,6595,Kevin Sutherland,72.0,1368,19
2005,145,0,12454,Mario Tiziani,72.0,792,11
2005,152,0,24357,K.J. Choi,72.06,1153,16
2005,152,0,19881,Robert Damron,72.06,1153,16
2005,152,0,20121,Todd Fischer,72.06,1153,16
2005,155,0,2106,Chris Smith,72.07,1009,14
2005,156,0,1035,Tommy Armour III,72.09,1658,23
2005,157,0,26758,David Hearn,72.1,721,10
2005,158,0,10585,Scott McCarron,72.13,1082,15
2005,159,0,20472,Alex Cejka,72.15,938,13
2005,160,0,10423,Mike Weir,72.17,866,12
2005,161,0,8537,J.P. Hayes,72.2,722,10
2005,162,0,20572,Rod Pampling,72.26,1373,19
2005,163,0,21959,Ted Purdy,72.29,2024,28
2005,163,0,24502,Adam Scott,72.29,1229,17
2005,165,0,20634,Peter Lonard,72.41,1231,17
2005,165,0,12602,Dean Wilson,72.41,1231,17
2005,167,0,19972,José Coceres,72.43,507,7
2005,167,0,21731,Freddie Jacobson,72.43,1014,14
2005,169,0,1723,Andrew Magee,72.46,942,13
2005,170,0,20502,Michael Long,72.5,725,10
2005,170,0,21498,Hideto Tanihara,72.5,435,6
2005,172,0,6515,Shaun Micheel,72.55,798,11
2005,173,0,21633,Steve Allan,72.56,1306,18
2005,173,0,12660,Jesper Parnevik,72.56,1306,18
2005,175,0,1473,Todd Hamilton,72.75,1164,16
2005,176,0,1249,John Daly,72.8,1092,15
2005,176,0,20433,Mark Hensby,72.8,1092,15
2005,178,0,1457,Jay Haas,72.82,801,11
2005,179,0,23540,Jason Allred,72.88,583,8
2005,179,0,1388,Robert Gamez,72.88,1239,17
2005,179,0,1823,Larry Mize,72.88,583,8
2005,182,0,1132,Mark Brooks,72.9,729,10
2005,183,0,24361,Pat Perez,73.0,1314,18
2005,183,0,20127,Chris Riley,73.0,730,10
2005,185,0,10733,Kent Jones,73.06,1242,17
2005,186,0,20160,Charlie Wi,73.09,804,11
2005,187,0,12662,Thomas Levet,73.11,658,9
2005,188,0,1599,Steve Jones,73.14,512,7
2005,189,0,1042,Paul Azinger,73.2,732,10
2005,190,0,20623,Gavin Coles,73.23,952,13
2005,191,0,1127,Danny Briggs,73.25,586,8
2005,192,0,24138,Ian Poulter,73.3,733,10
2005,193,0,21806,Paul Gow,73.33,880,12
2005,194,0,19824,Craig Barlow,73.5,1029,14
2005,195,0,23063,Scott Hend,73.56,662,9
2005,196,0,7457,Steve Flesch,73.73,1106,15
2005,197,0,1175,Jim Carter,73.83,443,6
2005,198,0,1887,Mark O'Meara,73.92,887,12
2005,199,0,22621,Ben Curtis,74.0,666,9
2005,200,0,1418,Bill Glasson,74.14,519,7
2005,201,0,20396,Lee Westwood,74.36,818,11
2005,202,0,1761,Len Mattiace,74.5,745,10
2004,1,0,21407,Arjun Atwal,69.0,828,12
2004,2,0,20157,Retief Goosen,69.5,834,12
2004,2,0,23497,Tag Ridings,69.5,556,8
2004,4,0,6621,Joe Durant,69.56,1113,16
2004,5,0,20229,Stewart Cink,69.77,1535,22
2004,6,0,6567,Vijay Singh,69.78,1884,27
2004,7,0,6004,Stephen Ames,70.0,1470,21
2004,8,0,1945,Kenny Perry,70.06,1121,16
2004,9,0,1142,Bart Bryant,70.08,841,12
2004,10,0,10912,Craig Perks,70.1,701,10
2004,11,0,1320,Bob Estes,70.15,912,13
2004,12,0,25345,Carl Pettersson,70.19,1474,21
2004,13,0,6522,Ernie Els,70.21,983,14
2004,14,0,25900,Lucas Glover,70.25,1124,16
2004,15,0,8793,Tiger Woods,70.28,1265,18
2004,16,0,23320,Ryan Palmer,70.29,1195,17
2004,17,0,8075,Jerry Kelly,70.31,1828,26
2004,18,0,23623,Bo Van Pelt,70.32,1547,22
2004,19,0,1677,Tom Lehman,70.33,1055,15
2004,20,0,10733,Kent Jones,70.35,1196,17
2004,21,0,2206,David Toms,70.4,1056,15
2004,22,0,1381,Fred Funk,70.42,1338,19
2004,23,0,19825,Darren Clarke,70.44,634,9
2004,23,0,20433,Mark Hensby,70.44,1268,18
2004,23,0,1706,Davis Love III,70.44,1127,16
2004,23,0,1810,Phil Mickelson,70.44,1268,18
2004,27,0,1527,Scott Hoch,70.5,705,10
2004,27,0,20645,John Senden,70.5,1410,20
2004,29,0,12645,Brent Geiberger,70.53,1199,17
2004,30,0,21805,Harrison Frazar,70.56,1129,16
2004,30,0,23621,Rory Sabbatini,70.56,1270,18
2004,32,0,1139,Olin Browne,70.57,988,14
2004,33,0,1203,Russ Cochran,70.63,565,8
2004,34,0,24502,Adam Scott,70.64,777,11
2004,34,0,8385,Omar Uresti,70.64,989,14
2004,36,0,12680,Shigeki Maruyama,70.67,1484,21
2004,36,0,12660,Jesper Parnevik,70.67,1272,18
2004,38,0,10885,Robert Allenby,70.7,1414,20
2004,39,0,1329,Brad Faxon,70.72,1273,18
2004,40,0,2239,Scott Verplank,70.73,1556,22
2004,41,0,23613,Rich Barcelo,70.75,566,8
2004,42,0,1157,Tom Byrum,70.76,1203,17
2004,43,0,26420,Richard Johnson,70.78,1274,18
2004,43,0,2010,Loren Roberts,70.78,1274,18
2004,45,0,22293,Heath Slocum,70.79,991,14
2004,46,0,22405,Justin Rose,70.81,1133,16
2004,47,0,25686,Jason Dufner,70.82,779,11
2004,48,0,1127,Danny Briggs,70.86,992,14
2004,48,0,2104,Jeff Sluman,70.86,1488,21
2004,50,0,22046,Geoff Ogilvy,70.89,1276,18
2004,51,0,6527,Steve Stricker,70.92,851,12
2004,52,0,23983,Luke Donald,70.93,1064,15
2004,53,0,20121,Todd Fischer,71.0,1278,18
2004,53,0,12782,Tim Herron,71.0,1065,15
2004,53,0,25237,Kevin Muncrief,71.0,213,3
2004,53,0,10425,Jay Williamson,71.0,1136,16
2004,57,0,24024,Zach Johnson,71.04,1705,24
2004,58,0,12652,Cameron Beckman,71.05,1350,19
2004,58,0,1685,J.L. Lewis,71.05,1492,21
2004,60,0,7223,Brian Bateman,71.06,1208,17
2004,61,0,2246,Duffy Waldorf,71.07,995,14
2004,62,0,1378,David Frost,71.08,924,13
2004,63,0,20029,Notah Begay III,71.09,782,11
2004,63,0,21959,Ted Purdy,71.09,1564,22
2004,65,0,23353,J.J. Henry,71.1,1493,21
2004,66,0,7867,Woody Austin,71.11,1280,18
2004,67,0,12823,Carlos Franco,71.13,1636,23
2004,68,0,19824,Craig Barlow,71.14,996,14
2004,69,0,1024,Billy Andrade,71.15,1423,20
2004,70,0,23552,Hank Kuehne,71.2,1068,15
2004,70,0,6332,Neal Lancaster,71.2,1424,20
2004,72,0,23541,Ben Crane,71.21,1353,19
2004,73,0,23135,Tim Clark,71.25,1140,16
2004,73,0,20663,Brenden Pappas,71.25,1425,20
2004,75,0,7721,Pat Bates,71.31,1141,16
2004,76,0,24357,K.J. Choi,71.33,1284,18
2004,76,0,2101,Joey Sindelar,71.33,1284,18
2004,78,0,1249,John Daly,71.35,1213,17
2004,79,0,1313,Steve Elkington,71.36,785,11
2004,79,0,1968,Nick Price,71.36,785,11
2004,81,0,24781,Hunter Mahan,71.38,1142,16
2004,82,0,6251,Chris DiMarco,71.39,1642,23
2004,83,0,22913,John Rollins,71.4,1071,15
2004,84,0,25396,Kevin Na,71.41,1214,17
2004,84,0,1928,Corey Pavin,71.41,1214,17
2004,86,0,12510,Chad Campbell,71.45,1429,20
2004,86,0,1948,Tim Petrovic,71.45,1572,22
2004,88,0,24507,Jason Bohn,71.47,1358,19
2004,88,0,10860,Justin Leonard,71.47,1358,19
2004,90,0,21961,Charles Howell III,71.48,1501,21
2004,91,0,2214,Kirk Triplett,71.5,1287,18
2004,92,0,21731,Freddie Jacobson,71.53,1216,17
2004,93,0,20378,Mathias Grönberg,71.55,787,11
2004,94,0,24361,Pat Perez,71.56,1288,18
2004,95,0,1035,Tommy Armour III,71.6,1074,15
2004,95,0,21209,Sergio Garcia,71.6,1074,15
2004,97,0,1219,John Cook,71.63,573,8
2004,97,0,1707,Steve Lowery,71.63,1146,16
2004,97,0,6515,Shaun Micheel,71.63,1361,19
2004,97,0,1941,Tom Pernice Jr.,71.63,1361,19
2004,101,0,24290,D.J. Brigman,71.64,788,11
2004,102,0,1577,Lee Janzen,71.65,1218,17
2004,103,0,6197,Michael Allen,71.67,1075,15
2004,103,0,1938,David Peoples,71.67,1075,15
2004,103,0,21878,Mark Wilson,71.67,860,12
2004,106,0,20098,Stuart Appleby,71.69,1147,16
2004,107,0,20580,Andre Stolz,71.71,502,7
2004,108,0,1457,Jay Haas,71.72,1291,18
2004,109,0,20634,Peter Lonard,71.73,789,11
2004,110,0,21633,Steve Allan,71.75,1148,16
2004,110,0,8931,Glen Day,71.75,1148,16
2004,110,0,10201,Matt Gogel,71.75,1148,16
2004,113,0,11032,Frank Lickliter II,71.76,1220,17
2004,114,0,6809,Bob Burns,71.77,933,13
2004,115,0,7457,Steve Flesch,71.78,1651,23
2004,116,0,1042,Paul Azinger,71.79,1005,14
2004,117,0,20498,Briny Baird,71.8,1436,20
2004,117,0,24925,Jonathan Byrd,71.8,1077,15
2004,117,0,1926,Steve Pate,71.8,718,10
2004,120,0,20572,Rod Pampling,71.81,1508,21
2004,121,0,1887,Mark O'Meara,71.82,790,11
2004,122,0,1797,Rocco Mediate,71.83,431,6
2004,123,0,23325,Vaughn Taylor,71.87,1078,15
2004,123,0,10423,Mike Weir,71.87,1078,15
2004,125,0,7939,Dan Olsen,71.88,575,8
2004,125,0,6078,Esteban Toledo,71.88,575,8
2004,127,0,1361,Dan Forsman,71.9,719,10
2004,128,0,21646,David Branshaw,71.91,791,11
2004,129,0,7363,Craig Bowden,71.92,863,12
2004,130,0,6595,Kevin Sutherland,71.93,1079,15
2004,131,0,8123,Jeff Brehaut,72.0,1224,17
2004,131,0,1132,Mark Brooks,72.0,360,5
2004,131,0,1226,Fred Couples,72.0,792,11
2004,131,0,12760,Danny Ellis,72.0,936,13
2004,131,0,6575,Dudley Hart,72.0,576,8
2004,131,0,12602,Dean Wilson,72.0,1152,16
2004,137,0,1388,Robert Gamez,72.05,1441,20
2004,138,0,7749,Brett Quigley,72.06,1297,18
2004,138,0,2106,Chris Smith,72.06,1297,18
2004,140,0,8337,Mike Heinen,72.11,649,9
2004,141,0,10585,Scott McCarron,72.12,1226,17
2004,142,0,22548,Patrick Sheehan,72.13,1659,23
2004,143,0,20850,Daniel Chopra,72.2,1444,20
2004,143,0,2245,Grant Waite,72.2,722,10
2004,145,0,1473,Todd Hamilton,72.22,1300,18
2004,146,0,22621,Ben Curtis,72.25,578,8
2004,146,0,19846,Brian Gay,72.25,1156,16
2004,146,0,12753,David Morland IV,72.25,578,8
2004,149,0,20127,Chris Riley,72.27,1084,15
2004,150,0,19881,Robert Damron,72.29,1229,17
2004,151,0,21949,Joe Ogilvie,72.3,1446,20
2004,151,0,6373,José María Olazábal,72.3,723,10
2004,153,0,8339,Spike McRoy,72.31,940,13
2004,154,0,1927,Dennis Paulson,72.33,1085,15
2004,154,0,2223,Bob Tway,72.33,1302,18
2004,156,0,1619,Skip Kendall,72.35,1447,20
2004,157,0,20593,Greg Chalmers,72.38,941,13
2004,158,0,2002,John Riegger,72.4,724,10
2004,159,0,1553,John Huston,72.44,652,9
2004,159,0,26287,Roland Thatcher,72.44,652,9
2004,161,0,1666,Bernhard Langer,72.46,942,13
2004,162,0,20382,Stephen Leaney,72.53,1088,15
2004,163,0,20548,Hidemichi Tanaka,72.61,1307,18
2004,164,0,22371,Aaron Baddeley,72.63,1162,16
2004,165,0,8537,J.P. Hayes,72.7,727,10
2004,165,0,1724,Jeff Maggert,72.7,727,10
2004,167,0,8881,Tripp Isenhour,72.71,509,7
2004,168,0,1161,Mark Calcavecchia,72.75,1164,16
2004,169,0,10213,Dicky Pride,72.78,655,9
2004,170,0,23108,Matt Kuchar,72.85,947,13
2004,171,0,10107,Deane Pappas,72.86,1020,14
2004,172,0,12705,Cliff Kresge,72.9,729,10
2004,172,0,1766,Billy Mayfair,72.9,1531,21
2004,174,0,1261,Jay Delsing,73.0,730,10
2004,174,0,20094,Jonathan Kaye,73.0,1022,14
2004,174,0,23307,Roger Tambellini,73.0,803,11
2004,174,0,6613,Tommy Tolles,73.0,584,8
2004,178,0,19972,José Coceres,73.08,950,13
2004,179,0,20585,Niclas Fasth,73.11,658,9
2004,180,0,12394,Tom Carter,73.16,1390,19
2004,181,0,1771,Blaine McCallister,73.17,439,6
2004,182,0,20628,Arron Oberholser,73.2,1098,15
2004,183,0,2099,Scott Simpson,73.22,659,9
2004,184,0,20472,Alex Cejka,73.23,952,13
2004,185,0,1761,Len Mattiace,73.25,879,12
2004,186,0,2049,Gene Sauers,73.5,735,10
2004,187,0,21893,Brian Kortan,73.57,515,7
2004,188,0,6214,Guy Boros,73.63,589,8
2004,189,0,20104,Ken Duke,73.71,1032,14
2004,190,0,23063,Scott Hend,74.0,814,11
2004,191,0,1920,Craig Parry,74.1,741,10
2004,192,0,8835,Kris Cox,74.2,742,10
2004,192,0,12682,Hirofumi Miyase,74.2,371,5
2004,194,0,23614,Rich Beem,74.58,895,12
2004,195,0,11123,Chris Couch,75.5,302,4
2004,195,0,23338,David Gossett,75.5,151,2
2003,1,0,8337,Mike Heinen,68.67,1030,15
2003,2,0,10809,Jim Furyk,68.75,1650,24
2003,3,0,20663,Brenden Pappas,68.83,1239,18
2003,4,0,10885,Robert Allenby,69.11,1244,18
2003,4,0,1706,Davis Love III,69.11,1244,18
2003,6,0,6004,Stephen Ames,69.16,1314,19
2003,7,0,12388,Michael Clark II,69.2,346,5
2003,7,0,20573,Scott Laycock,69.2,692,10
2003,9,0,6567,Vijay Singh,69.24,1731,25
2003,10,0,11011,Mike Sposa,69.3,693,10
2003,11,0,6621,Joe Durant,69.42,1319,19
2003,12,0,10423,Mike Weir,69.5,1251,18
2003,13,0,1677,Tom Lehman,69.53,1182,17
2003,13,0,8793,Tiger Woods,69.53,1182,17
2003,15,0,6034,Marco Dawson,69.55,765,11
2003,16,0,8931,Glen Day,69.58,1322,19
2003,17,0,1035,Tommy Armour III,69.6,696,10
2003,18,0,22548,Patrick Sheehan,69.61,1253,18
2003,19,0,10733,Kent Jones,69.75,837,12
2003,20,0,20098,Stuart Appleby,69.82,1187,17
2003,21,0,1361,Dan Forsman,69.9,1468,21
2003,22,0,10860,Justin Leonard,69.94,1119,16
2003,23,0,22892,Jason Gore,70.0,770,11
2003,23,0,1457,Jay Haas,70.0,1260,18
2003,25,0,20157,Retief Goosen,70.13,1052,15
2003,26,0,12755,Vance Veazey,70.14,491,7
2003,27,0,8075,Jerry Kelly,70.18,1544,22
2003,28,0,21806,Paul Gow,70.22,632,9
2003,29,0,6251,Chris DiMarco,70.24,1475,21
2003,30,0,1619,Skip Kendall,70.25,1686,24
2003,31,0,10201,Matt Gogel,70.27,773,11
2003,32,0,1938,David Peoples,70.28,1265,18
2003,33,0,1320,Bob Estes,70.29,1476,21
2003,33,0,2104,Jeff Sluman,70.29,1476,21
2003,35,0,8725,Tom Gillis,70.3,703,10
2003,36,0,12602,Dean Wilson,70.31,914,13
2003,37,0,2223,Bob Tway,70.38,1126,16
2003,38,0,7721,Pat Bates,70.39,1267,18
2003,39,0,6522,Ernie Els,70.4,1056,15
2003,39,0,2010,Loren Roberts,70.4,1408,20
2003,41,0,23983,Luke Donald,70.41,1197,17
2003,42,0,20498,Briny Baird,70.43,1620,23
2003,43,0,7223,Brian Bateman,70.44,634,9
2003,44,0,1329,Brad Faxon,70.48,1480,21
2003,45,0,19846,Brian Gay,70.5,987,14
2003,46,0,1378,David Frost,70.53,1058,15
2003,46,0,20628,Arron Oberholser,70.53,1058,15
2003,46,0,20572,Rod Pampling,70.53,1058,15
2003,49,0,1553,John Huston,70.56,1129,16
2003,50,0,10585,Scott McCarron,70.57,988,14
2003,51,0,1948,Tim Petrovic,70.6,1412,20
2003,51,0,2002,John Riegger,70.6,706,10
2003,53,0,22621,Ben Curtis,70.62,918,13
2003,54,0,2101,Joey Sindelar,70.65,1201,17
2003,54,0,2206,David Toms,70.65,1201,17
2003,56,0,23541,Ben Crane,70.68,1343,19
2003,57,0,12662,Thomas Levet,70.69,1131,16
2003,58,0,21878,Mark Wilson,70.7,707,10
2003,59,0,21633,Steve Allan,70.71,495,7
2003,59,0,19824,Craig Barlow,70.71,1202,17
2003,59,0,25345,Carl Pettersson,70.71,990,14
2003,59,0,20127,Chris Riley,70.71,1202,17
2003,63,0,1685,J.L. Lewis,70.72,1273,18
2003,64,0,1381,Fred Funk,70.74,1627,23
2003,65,0,20229,Stewart Cink,70.77,1557,22
2003,65,0,2239,Scott Verplank,70.77,1557,22
2003,67,0,20645,John Senden,70.8,1416,20
2003,68,0,26420,Richard Johnson,70.81,1133,16
2003,68,0,20436,Garrett Willis,70.81,1133,16
2003,70,0,1666,Bernhard Langer,70.83,850,12
2003,71,0,21739,Aaron Barber,70.85,921,13
2003,71,0,6515,Shaun Micheel,70.85,1417,20
2003,71,0,6595,Kevin Sutherland,70.85,1417,20
2003,74,0,8633,Per-Ulrik Johansson,70.87,1063,15
2003,74,0,1945,Kenny Perry,70.87,1630,23
2003,76,0,12510,Chad Campbell,70.88,1701,24
2003,76,0,12680,Shigeki Maruyama,70.88,1134,16
2003,78,0,12645,Brent Geiberger,70.89,638,9
2003,79,0,24502,Adam Scott,70.9,709,10
2003,79,0,2214,Kirk Triplett,70.9,1418,20
2003,81,0,26950,John Morgan,70.91,780,11
2003,82,0,8375,Paul Stankowski,70.92,851,12
2003,83,0,22046,Geoff Ogilvy,70.93,1064,15
2003,84,0,8339,Spike McRoy,70.94,1135,16
2003,85,0,1098,Jay Don Blake,71.0,710,10
2003,85,0,24925,Jonathan Byrd,71.0,1491,21
2003,85,0,1157,Tom Byrum,71.0,1207,17
2003,85,0,23125,Brad Elder,71.0,355,5
2003,85,0,7941,Mike Grob,71.0,923,13
2003,85,0,8537,J.P. Hayes,71.0,923,13
2003,85,0,1766,Billy Mayfair,71.0,1420,20
2003,85,0,10213,Dicky Pride,71.0,923,13
2003,93,0,1723,Andrew Magee,71.06,1279,18
2003,94,0,23552,Hank Kuehne,71.08,924,13
2003,95,0,1161,Mark Calcavecchia,71.11,1280,18
2003,95,0,7749,Brett Quigley,71.11,1280,18
2003,95,0,6078,Esteban Toledo,71.11,1280,18
2003,98,0,1388,Robert Gamez,71.12,1778,25
2003,98,0,1797,Rocco Mediate,71.12,1209,17
2003,98,0,22293,Heath Slocum,71.12,1209,17
2003,101,0,22913,John Rollins,71.13,1138,16
2003,102,0,6527,Steve Stricker,71.14,498,7
2003,103,0,20634,Peter Lonard,71.15,1423,20
2003,103,0,1941,Tom Pernice Jr.,71.15,1423,20
2003,105,0,10107,Deane Pappas,71.23,926,13
2003,106,0,2170,Hal Sutton,71.25,1140,16
2003,107,0,1024,Billy Andrade,71.26,1354,19
2003,108,0,12660,Jesper Parnevik,71.28,1283,18
2003,109,0,23353,J.J. Henry,71.29,1212,17
2003,110,0,21805,Harrison Frazar,71.31,1141,16
2003,110,0,6575,Dudley Hart,71.31,927,13
2003,110,0,6573,Brandt Jobe,71.31,1141,16
2003,113,0,20121,Todd Fischer,71.33,1070,15
2003,113,0,2246,Duffy Waldorf,71.33,1284,18
2003,115,0,24357,K.J. Choi,71.35,1641,23
2003,116,0,22371,Aaron Baddeley,71.36,999,14
2003,116,0,6581,David Sutherland,71.36,785,11
2003,118,0,21961,Charles Howell III,71.37,1927,27
2003,119,0,12782,Tim Herron,71.38,1499,21
2003,120,0,6332,Neal Lancaster,71.42,1357,19
2003,121,0,1707,Steve Lowery,71.46,929,13
2003,122,0,20094,Jonathan Kaye,71.47,1215,17
2003,122,0,10425,Jay Williamson,71.47,1215,17
2003,124,0,8123,Jeff Brehaut,71.48,1501,21
2003,125,0,1042,Paul Azinger,71.5,715,10
2003,125,0,7457,Steve Flesch,71.5,1430,20
2003,125,0,25450,Ty Tryon,71.5,286,4
2003,128,0,20574,Mathew Goggin,71.53,1073,15
2003,129,0,24361,Pat Perez,71.56,1145,16
2003,130,0,23177,Kenneth Staton,71.57,501,7
2003,131,0,19825,Darren Clarke,71.58,859,12
2003,132,0,7867,Woody Austin,71.59,1575,22
2003,132,0,23338,David Gossett,71.59,1217,17
2003,134,0,23036,Chris Anderson,71.6,1074,15
2003,134,0,20029,Notah Begay III,71.6,1074,15
2003,134,0,10565,Ian Leggatt,71.6,716,10
2003,134,0,2106,Chris Smith,71.6,1074,15
2003,138,0,1132,Mark Brooks,71.62,931,13
2003,139,0,25692,Akio Sadakata,71.64,788,11
2003,140,0,23621,Rory Sabbatini,71.65,1433,20
2003,141,0,23135,Tim Clark,71.67,1075,15
2003,141,0,2049,Gene Sauers,71.67,860,12
2003,143,0,12823,Carlos Franco,71.68,1362,19
2003,144,0,8547,John Maginnes,71.69,932,13
2003,145,0,23034,Brent Schwarzrock,71.7,717,10
2003,146,0,12661,Todd Barranger,71.71,502,7
2003,147,0,20472,Alex Cejka,71.72,1291,18
2003,147,0,12705,Cliff Kresge,71.72,1291,18
2003,147,0,1810,Phil Mickelson,71.72,1291,18
2003,147,0,20548,Hidemichi Tanaka,71.72,1793,25
2003,151,0,19881,Robert Damron,71.73,1076,15
2003,152,0,20593,Greg Chalmers,71.75,1148,16
2003,152,0,20568,Anthony Painter,71.75,861,12
2003,154,0,1139,Olin Browne,71.76,1507,21
2003,155,0,1968,Nick Price,71.8,1077,15
2003,156,0,8545,Glen Hnatiuk,71.81,1149,16
2003,157,0,11032,Frank Lickliter II,71.88,1150,16
2003,158,0,1761,Len Mattiace,71.9,1438,20
2003,159,0,1928,Corey Pavin,71.94,1295,18
2003,160,0,24356,Jason Buha,72.0,360,5
2003,160,0,6643,Paul Goydos,72.0,1224,17
2003,160,0,20095,Carl Paulson,72.0,1296,18
2003,160,0,7101,Dave Stockton Jr.,72.0,504,7
2003,160,0,20566,Kaname Yokoo,72.0,360,5
2003,165,0,1569,Peter Jacobsen,72.07,1009,14
2003,166,0,12652,Cameron Beckman,72.12,1226,17
2003,167,0,23108,Matt Kuchar,72.13,577,8
2003,168,0,6809,Bob Burns,72.14,1010,14
2003,169,0,6617,Brian Henninger,72.18,794,11
2003,170,0,22295,Darron Stiles,72.2,1083,15
2003,171,0,20099,Doug Barron,72.25,867,12
2003,171,0,1724,Jeff Maggert,72.25,1156,16
2003,173,0,1307,Joel Edwards,72.29,506,7
2003,174,0,21209,Sergio Garcia,72.3,723,10
2003,175,0,23614,Rich Beem,72.38,941,13
2003,176,0,20940,Kenichi Kuboya,72.43,1014,14
2003,177,0,1175,Jim Carter,72.5,1015,14
2003,178,0,1577,Lee Janzen,72.53,1088,15
2003,179,0,1475,Donnie Hammond,72.67,1308,18
2003,180,0,1226,Fred Couples,72.75,1164,16
2003,180,0,25031,Andy Miller,72.75,873,12
2003,182,0,10912,Craig Perks,72.91,802,11
2003,183,0,20771,Steven Alker,73.0,949,13
2003,183,0,23656,Jason Caron,73.0,511,7
2003,185,0,20623,Gavin Coles,73.4,367,5
2003,186,0,19972,José Coceres,73.55,809,11
2003,187,0,1887,Mark O'Meara,73.6,736,10
2003,187,0,26489,Cameron Yancey,73.6,368,5
2003,189,0,6475,Jeff Klein,74.25,297,4
2003,190,0,1249,John Daly,75.71,530,7
2002,1,0,8793,Tiger Woods,67.71,1151,17
2002,2,0,1706,Davis Love III,69.05,1312,19
2002,3,0,1810,Phil Mickelson,69.23,1523,22
2002,4,0,1361,Dan Forsman,69.25,1108,16
2002,4,0,1968,Nick Price,69.25,1108,16
2002,6,0,1381,Fred Funk,69.38,1665,24
2002,7,0,1320,Bob Estes,69.42,1319,19
2002,8,0,2206,David Toms,69.46,1667,24
2002,9,0,8545,Glen Hnatiuk,69.47,1320,19
2002,10,0,6527,Steve Stricker,69.55,765,11
2002,11,0,10809,Jim Furyk,69.56,1252,18
2002,12,0,26289,Boo Weekley,69.6,348,5
2002,13,0,20157,Retief Goosen,69.69,906,13
2002,14,0,1553,John Huston,69.73,1534,22
2002,14,0,6350,Bob May,69.73,1046,15
2002,16,0,12645,Brent Geiberger,69.76,1186,17
2002,17,0,23177,Kenneth Staton,69.79,977,14
2002,18,0,22913,John Rollins,69.81,1815,26
2002,19,0,20029,Notah Begay III,69.82,768,11
2002,20,0,7003,David Berganio Jr.,69.85,908,13
2002,20,0,1388,Robert Gamez,69.85,908,13
2002,22,0,24925,Jonathan Byrd,69.93,1049,15
2002,22,0,8537,J.P. Hayes,69.93,979,14
2002,24,0,1307,Joel Edwards,70.0,1540,22
2002,24,0,10213,Dicky Pride,70.0,630,9
2002,26,0,2101,Joey Sindelar,70.05,1331,19
2002,27,0,10649,Tom Scherrer,70.07,981,14
2002,28,0,20634,Peter Lonard,70.09,1612,23
2002,29,0,20098,Stuart Appleby,70.1,1402,20
2002,30,0,20645,John Senden,70.12,1192,17
2002,31,0,6567,Vijay Singh,70.14,1543,22
2002,32,0,8075,Jerry Kelly,70.15,1403,20
2002,33,0,20127,Chris Riley,70.18,1544,22
2002,34,0,23541,Ben Crane,70.19,1123,16
2002,35,0,19846,Brian Gay,70.21,1685,24
2002,35,0,1948,Tim Petrovic,70.21,983,14
2002,37,0,1938,David Peoples,70.23,1545,22
2002,38,0,21961,Charles Howell III,70.24,1756,25
2002,39,0,6004,Stephen Ames,70.25,1124,16
2002,40,0,1139,Olin Browne,70.26,1335,19
2002,41,0,20043,Edward Fryatt,70.27,773,11
2002,42,0,21209,Sergio Garcia,70.29,1195,17
2002,43,0,23903,Stephen Gangluff,70.3,703,10
2002,44,0,23614,Rich Beem,70.33,1266,18
2002,45,0,6251,Chris DiMarco,70.36,1759,25
2002,46,0,2002,John Riegger,70.38,1126,16
2002,47,0,6012,Greg Kraft,70.42,845,12
2002,48,0,12510,Chad Campbell,70.43,1479,21
2002,49,0,20229,Stewart Cink,70.44,1268,18
2002,49,0,20502,Michael Long,70.44,634,9
2002,51,0,1457,Jay Haas,70.47,1198,17
2002,52,0,23135,Tim Clark,70.5,987,14
2002,52,0,24937,Jess Daley,70.5,705,10
2002,52,0,20572,Rod Pampling,70.5,1269,18
2002,55,0,2010,Loren Roberts,70.52,1481,21
2002,56,0,6621,Joe Durant,70.53,1058,15
2002,56,0,1527,Scott Hoch,70.53,1058,15
2002,58,0,7721,Pat Bates,70.56,1129,16
2002,58,0,1926,Steve Pate,70.56,635,9
2002,60,0,20105,Jeff Gove,70.57,988,14
2002,61,0,2239,Scott Verplank,70.6,1412,20
2002,62,0,20566,Kaname Yokoo,70.63,565,8
2002,63,0,20593,Greg Chalmers,70.64,989,14
2002,63,0,19881,Robert Damron,70.64,989,14
2002,65,0,1024,Billy Andrade,70.67,1272,18
2002,65,0,1219,John Cook,70.67,1060,15
2002,65,0,6522,Ernie Els,70.67,1060,15
2002,68,0,10457,Frank Nobilo,70.69,1131,16
2002,69,0,6575,Dudley Hart,70.71,1202,17
2002,70,0,1945,Kenny Perry,70.73,1556,22
2002,71,0,1374,Robin Freeman,70.75,849,12
2002,71,0,1797,Rocco Mediate,70.75,1132,16
2002,73,0,1887,Mark O'Meara,70.78,637,9
2002,74,0,1313,Steve Elkington,70.81,1133,16
2002,75,0,23125,Brad Elder,70.82,779,11
2002,76,0,24357,K.J. Choi,70.83,1275,18
2002,77,0,6515,Shaun Micheel,70.85,1417,20
2002,78,0,10885,Robert Allenby,70.86,1488,21
2002,78,0,23108,Matt Kuchar,70.86,992,14
2002,78,0,6373,José María Olazábal,70.86,992,14
2002,81,0,1098,Jay Don Blake,70.89,1347,19
2002,81,0,8339,Spike McRoy,70.89,638,9
2002,83,0,12680,Shigeki Maruyama,70.9,1418,20
2002,84,0,1569,Peter Jacobsen,70.91,780,11
2002,84,0,10860,Justin Leonard,70.91,1560,22
2002,86,0,6643,Paul Goydos,70.92,922,13
2002,86,0,6617,Brian Henninger,70.92,851,12
2002,88,0,9011,David Duval,70.93,993,14
2002,89,0,21633,Steve Allan,70.94,1135,16
2002,90,0,1226,Fred Couples,71.0,852,12
2002,90,0,20574,Mathew Goggin,71.0,852,12
2002,90,0,1475,Donnie Hammond,71.0,852,12
2002,90,0,20094,Jonathan Kaye,71.0,1065,15
2002,90,0,24361,Pat Perez,71.0,994,14
2002,90,0,12663,Phil Tataurangi,71.0,1278,18
2002,96,0,8633,Per-Ulrik Johansson,71.06,1137,16
2002,96,0,1685,J.L. Lewis,71.06,1208,17
2002,96,0,2246,Duffy Waldorf,71.06,1279,18
2002,99,0,12388,Michael Clark II,71.07,995,14
2002,100,0,1927,Dennis Paulson,71.08,924,13
2002,101,0,6197,Michael Allen,71.11,640,9
2002,101,0,1941,Tom Pernice Jr.,71.11,1351,19
2002,103,0,19824,Craig Barlow,71.13,569,8
2002,103,0,23983,Luke Donald,71.13,1636,23
2002,105,0,22293,Heath Slocum,71.14,996,14
2002,106,0,23353,J.J. Henry,71.15,1423,20
2002,107,0,1175,Jim Carter,71.16,1352,19
2002,107,0,1761,Len Mattiace,71.16,1779,25
2002,109,0,8553,Lee Porter,71.17,854,12
2002,110,0,11032,Frank Lickliter II,71.18,1210,17
2002,111,0,12782,Tim Herron,71.2,1424,20
2002,112,0,1928,Corey Pavin,71.21,997,14
2002,113,0,6809,Bob Burns,71.22,1282,18
2002,114,0,8931,Glen Day,71.24,1496,21
2002,115,0,1599,Steve Jones,71.27,784,11
2002,116,0,6078,Esteban Toledo,71.3,1426,20
2002,117,0,6498,Matt Peterson,71.31,927,13
2002,118,0,1157,Tom Byrum,71.33,1070,15
2002,118,0,1378,David Frost,71.33,1070,15
2002,118,0,23338,David Gossett,71.33,1284,18
2002,121,0,1142,Bart Bryant,71.36,999,14
2002,122,0,10201,Matt Gogel,71.38,928,13
2002,122,0,21806,Paul Gow,71.38,928,13
2002,122,0,12660,Jesper Parnevik,71.38,1142,16
2002,125,0,1577,Lee Janzen,71.4,1428,20
2002,125,0,23623,Bo Van Pelt,71.4,714,10
2002,127,0,1766,Billy Mayfair,71.41,1214,17
2002,127,0,10585,Scott McCarron,71.41,1571,22
2002,129,0,10565,Ian Leggatt,71.42,1357,19
2002,130,0,8123,Jeff Brehaut,71.43,1000,14
2002,130,0,10423,Mike Weir,71.43,1500,21
2002,132,0,12823,Carlos Franco,71.45,1572,22
2002,132,0,10107,Deane Pappas,71.45,786,11
2002,134,0,1185,Brandel Chamblee,71.46,929,13
2002,135,0,1677,Tom Lehman,71.47,1072,15
2002,136,0,10117,Bob Heintz,71.5,429,6
2002,136,0,1619,Skip Kendall,71.5,1430,20
2002,136,0,22046,Geoff Ogilvy,71.5,1144,16
2002,136,0,6613,Tommy Tolles,71.5,858,12
2002,140,0,1161,Mark Calcavecchia,71.53,1073,15
2002,141,0,12826,Paul Claxton,71.54,930,13
2002,142,0,20498,Briny Baird,71.55,1574,22
2002,142,0,1249,John Daly,71.55,787,11
2002,142,0,23621,Rory Sabbatini,71.55,787,11
2002,142,0,2106,Chris Smith,71.55,1431,20
2002,146,0,6573,Brandt Jobe,71.61,1289,18
2002,147,0,1920,Craig Parry,71.62,931,13
2002,147,0,11011,Mike Sposa,71.62,1504,21
2002,149,0,10425,Jay Williamson,71.63,1146,16
2002,150,0,2104,Jeff Sluman,71.65,1863,26
2002,151,0,1042,Paul Azinger,71.67,860,12
2002,151,0,21805,Harrison Frazar,71.67,1075,15
2002,151,0,1666,Bernhard Langer,71.67,860,12
2002,151,0,2322,Richard Zokol,71.67,430,6
2002,155,0,2214,Kirk Triplett,71.69,1147,16
2002,156,0,6036,Scott Dunlap,71.71,502,7
2002,156,0,2245,Grant Waite,71.71,1219,17
2002,158,0,12652,Cameron Beckman,71.72,1291,18
2002,159,0,1132,Mark Brooks,71.73,1076,15
2002,160,0,7867,Woody Austin,71.77,933,13
2002,161,0,1707,Steve Lowery,71.79,1364,19
2002,162,0,20548,Hidemichi Tanaka,71.85,1437,20
2002,163,0,10962,Bradley Hughes,71.88,575,8
2002,164,0,1329,Brad Faxon,72.0,1440,20
2002,164,0,6332,Neal Lancaster,72.0,1440,20
2002,164,0,1771,Blaine McCallister,72.0,648,9
2002,164,0,12753,David Morland IV,72.0,576,8
2002,168,0,7457,Steve Flesch,72.05,1513,21
2002,169,0,1723,Andrew Magee,72.06,1153,16
2002,170,0,8881,Tripp Isenhour,72.07,1009,14
2002,171,0,2223,Bob Tway,72.1,1514,21
2002,172,0,10733,Kent Jones,72.11,1370,19
2002,173,0,6595,Kevin Sutherland,72.12,1226,17
2002,174,0,7223,Brian Bateman,72.13,1082,15
2002,175,0,21259,Jason Hill,72.17,433,6
2002,176,0,23800,Bryce Molder,72.2,722,10
2002,177,0,20095,Carl Paulson,72.21,1011,14
2002,178,0,2133,Craig Stadler,72.33,868,12
2002,179,0,8375,Paul Stankowski,72.39,1303,18
2002,180,0,8993,Franklin Langham,72.4,724,10
2002,181,0,10912,Craig Perks,72.44,1159,16
2002,182,0,7749,Brett Quigley,72.47,1087,15
2002,183,0,8535,Gary Nicklaus,72.5,435,6
2002,183,0,2099,Scott Simpson,72.5,435,6
2002,185,0,2170,Hal Sutton,72.6,726,10
2002,186,0,1035,Tommy Armour III,72.62,944,13
2002,187,0,2110,Jerry Smith,72.64,799,11
2002,188,0,1014,Fulton Allem,72.67,436,6
2002,189,0,21949,Joe Ogilvie,72.8,364,5
2002,190,0,20436,Garrett Willis,72.85,947,13
2002,191,0,1724,Jeff Maggert,72.86,1020,14
2002,192,0,6315,Pete Jordan,72.89,656,9
2002,193,0,20663,Brenden Pappas,73.0,438,6
2002,194,0,19817,Michael Muehr,73.11,658,9
2002,195,0,1514,Eduardo Herrera,73.29,513,7
2002,196,0,1203,Russ Cochran,73.67,884,12
2002,197,0,6016,Brad Lardon,73.88,591,8
2002,198,0,1549,Mike Hulbert,74.0,444,6
2002,198,0,19958,Miguel Angel Jiménez,74.0,740,10
2002,200,0,19972,José Coceres,74.33,669,9
2002,200,0,2257,Brian Watts,74.33,446,6
2002,202,0,23322,Brett Wetterich,74.83,898,12
2001,1,0,1388,Robert Gamez,68.33,410,6
2001,2,0,8793,Tiger Woods,68.74,1306,19
2001,3,0,1706,Davis Love III,68.88,1171,17
2001,4,0,6575,Dudley Hart,69.0,1035,15
2001,4,0,2101,Joey Sindelar,69.0,690,10
2001,6,0,1766,Billy Mayfair,69.14,1452,21
2001,7,0,10425,Jay Williamson,69.17,830,12
2001,8,0,1938,David Peoples,69.24,1177,17
2001,9,0,8931,Glen Day,69.33,1040,15
2001,10,0,1968,Nick Price,69.35,1179,17
2001,11,0,10912,Craig Perks,69.38,555,8
2001,12,0,1418,Bill Glasson,69.43,486,7
2001,13,0,6567,Vijay Singh,69.55,1530,22
2001,14,0,1457,Jay Haas,69.6,1044,15
2001,15,0,21961,Charles Howell III,69.68,1324,19
2001,16,0,6621,Joe Durant,69.71,976,14
2001,17,0,10565,Ian Leggatt,69.75,837,12
2001,17,0,1677,Tom Lehman,69.75,1116,16
2001,19,0,2214,Kirk Triplett,69.76,1186,17
2001,20,0,19817,Michael Muehr,69.79,977,14
2001,21,0,1945,Kenny Perry,69.85,1397,20
2001,22,0,1139,Olin Browne,69.89,1258,18
2001,23,0,10809,Jim Furyk,69.95,1329,19
2001,23,0,2206,David Toms,69.95,1539,22
2001,25,0,2239,Scott Verplank,69.96,1609,23
2001,26,0,21209,Sergio Garcia,70.0,910,13
2001,26,0,23353,J.J. Henry,70.0,980,14
2001,28,0,19846,Brian Gay,70.04,1611,23
2001,29,0,20229,Stewart Cink,70.1,1402,20
2001,29,0,12680,Shigeki Maruyama,70.1,1472,21
2001,31,0,1320,Bob Estes,70.11,1332,19
2001,32,0,6004,Stephen Ames,70.12,1192,17
2001,33,0,1219,John Cook,70.15,1403,20
2001,33,0,1823,Larry Mize,70.15,912,13
2001,35,0,1024,Billy Andrade,70.17,842,12
2001,35,0,6332,Neal Lancaster,70.17,1263,18
2001,37,0,1307,Joel Edwards,70.21,1334,19
2001,38,0,2104,Jeff Sluman,70.23,1545,22
2001,39,0,6078,Esteban Toledo,70.24,1475,21
2001,40,0,10963,Jimmy Green,70.25,843,12
2001,41,0,7457,Steve Flesch,70.27,1546,22
2001,41,0,1381,Fred Funk,70.27,1827,26
2001,41,0,21806,Paul Gow,70.27,773,11
2001,41,0,1619,Skip Kendall,70.27,1546,22
2001,45,0,23614,Rich Beem,70.29,984,14
2001,45,0,1724,Jeff Maggert,70.29,984,14
2001,45,0,12660,Jesper Parnevik,70.29,1476,21
2001,48,0,6595,Kevin Sutherland,70.3,1406,20
2001,49,0,10860,Justin Leonard,70.35,1407,20
2001,50,0,11032,Frank Lickliter II,70.38,1478,21
2001,51,0,12782,Tim Herron,70.39,1267,18
2001,52,0,20498,Briny Baird,70.4,1408,20
2001,52,0,12652,Cameron Beckman,70.4,1408,20
2001,54,0,1527,Scott Hoch,70.41,1197,17
2001,55,0,1810,Phil Mickelson,70.42,1338,19
2001,56,0,6527,Steve Stricker,70.43,986,14
2001,56,0,6431,Jean Van de Velde,70.43,493,7
2001,58,0,12645,Brent Geiberger,70.44,1127,16
2001,59,0,20127,Chris Riley,70.45,1409,20
2001,60,0,2099,Scott Simpson,70.46,916,13
2001,61,0,9011,David Duval,70.47,1198,17
2001,62,0,10201,Matt Gogel,70.5,987,14
2001,62,0,2170,Hal Sutton,70.5,1551,22
2001,64,0,1249,John Daly,70.56,1129,16
2001,65,0,1014,Fulton Allem,70.57,494,7
2001,65,0,20043,Edward Fryatt,70.57,988,14
2001,67,0,6643,Paul Goydos,70.58,847,12
2001,67,0,7749,Brett Quigley,70.58,847,12
2001,67,0,2223,Bob Tway,70.58,1694,24
2001,70,0,10585,Scott McCarron,70.59,1553,22
2001,71,0,1378,David Frost,70.6,1059,15
2001,72,0,1666,Bernhard Langer,70.64,989,14
2001,73,0,8063,Kelly Grunewald,70.67,424,6
2001,74,0,1329,Brad Faxon,70.68,1343,19
2001,75,0,6315,Pete Jordan,70.69,1131,16
2001,76,0,6617,Brian Henninger,70.7,707,10
2001,77,0,1203,Russ Cochran,70.71,990,14
2001,77,0,1797,Rocco Mediate,70.71,990,14
2001,79,0,24357,K.J. Choi,70.78,1274,18
2001,80,0,1132,Mark Brooks,70.81,1133,16
2001,81,0,22892,Jason Gore,70.82,779,11
2001,82,0,1098,Jay Don Blake,70.83,1275,18
2001,83,0,10423,Mike Weir,70.85,1417,20
2001,84,0,19824,Craig Barlow,70.86,992,14
2001,84,0,1707,Steve Lowery,70.86,1559,22
2001,86,0,6251,Chris DiMarco,70.88,1701,24
2001,87,0,2106,Chris Smith,70.89,1347,19
2001,87,0,11011,Mike Sposa,70.89,1276,18
2001,89,0,21949,Joe Ogilvie,70.9,1418,20
2001,90,0,1771,Blaine McCallister,70.91,780,11
2001,90,0,6613,Tommy Tolles,70.91,780,11
2001,92,0,1313,Steve Elkington,70.92,851,12
2001,93,0,8881,Tripp Isenhour,70.93,1064,15
2001,93,0,2110,Jerry Smith,70.93,1064,15
2001,95,0,1161,Mark Calcavecchia,70.94,1135,16
2001,95,0,6350,Bob May,70.94,1135,16
2001,95,0,1941,Tom Pernice Jr.,70.94,1277,18
2001,95,0,2002,John Riegger,70.94,1206,17
2001,99,0,20098,Stuart Appleby,70.95,1490,21
2001,100,0,1042,Paul Azinger,71.0,1349,19
2001,100,0,8633,Per-Ulrik Johansson,71.0,781,11
2001,100,0,1761,Len Mattiace,71.0,1278,18
2001,100,0,6373,José María Olazábal,71.0,639,9
2001,100,0,2010,Loren Roberts,71.0,1207,17
2001,100,0,2279,Mark Wiebe,71.0,568,8
2001,100,0,8057,Brian Wilson,71.0,852,12
2001,100,0,2294,Willie Wood,71.0,710,10
2001,100,0,20566,Kaname Yokoo,71.0,923,13
2001,109,0,10457,Frank Nobilo,71.06,1208,17
2001,110,0,6514,Kevin Johnson,71.07,995,14
2001,110,0,1928,Corey Pavin,71.07,995,14
2001,112,0,1553,John Huston,71.09,782,11
2001,112,0,1920,Craig Parry,71.09,782,11
2001,112,0,23034,Brent Schwarzrock,71.09,782,11
2001,115,0,12705,Cliff Kresge,71.1,711,10
2001,115,0,22122,Andrew McLardy,71.1,711,10
2001,117,0,1093,Ronnie Black,71.11,640,9
2001,118,0,21805,Harrison Frazar,71.12,1209,17
2001,119,0,6809,Bob Burns,71.13,1067,15
2001,120,0,1226,Fred Couples,71.14,996,14
2001,120,0,22051,Ben Ferguson,71.14,498,7
2001,120,0,1943,Chris Perry,71.14,996,14
2001,123,0,8123,Jeff Brehaut,71.15,925,13
2001,124,0,20094,Jonathan Kaye,71.17,1708,24
2001,125,0,23125,Brad Elder,71.2,1424,20
2001,125,0,12760,Danny Ellis,71.2,712,10
2001,127,0,1887,Mark O'Meara,71.25,855,12
2001,128,0,1475,Donnie Hammond,71.27,784,11
2001,129,0,21007,Gabriel Hjertstedt,71.29,499,7
2001,129,0,8339,Spike McRoy,71.29,998,14
2001,131,0,8545,Glen Hnatiuk,71.3,1426,20
2001,131,0,2218,Ted Tryba,71.3,1426,20
2001,133,0,1157,Tom Byrum,71.33,1070,15
2001,133,0,23621,Rory Sabbatini,71.33,856,12
2001,133,0,6591,Rocky Walcher,71.33,214,3
2001,136,0,8075,Jerry Kelly,71.35,1427,20
2001,137,0,19972,José Coceres,71.36,785,11
2001,138,0,1927,Dennis Paulson,71.42,857,12
2001,139,0,7003,David Berganio Jr.,71.43,1000,14
2001,139,0,1185,Brandel Chamblee,71.43,1000,14
2001,139,0,10733,Kent Jones,71.43,500,7
2001,142,0,7867,Woody Austin,71.46,929,13
2001,142,0,6522,Ernie Els,71.46,929,13
2001,144,0,12714,Chris Tidland,71.5,858,12
2001,145,0,1685,J.L. Lewis,71.55,1574,22
2001,146,0,25083,Jeremy Anderson,71.57,501,7
2001,147,0,10885,Robert Allenby,71.58,1718,24
2001,147,0,20593,Greg Chalmers,71.58,1360,19
2001,147,0,2257,Brian Watts,71.58,859,12
2001,150,0,6573,Brandt Jobe,71.59,1217,17
2001,151,0,8537,J.P. Hayes,71.64,1003,14
2001,152,0,1175,Jim Carter,71.65,1648,23
2001,153,0,7763,Doug Dunakey,71.67,645,9
2001,154,0,8993,Franklin Langham,71.7,717,10
2001,155,0,6012,Greg Kraft,71.72,1291,18
2001,156,0,1487,Jeff Hart,71.73,1076,15
2001,157,0,21633,Steve Allan,71.75,861,12
2001,157,0,12388,Michael Clark II,71.75,861,12
2001,157,0,2245,Grant Waite,71.75,861,12
2001,160,0,6090,Jim McGovern,71.91,791,11
2001,161,0,1361,Dan Forsman,71.93,1079,15
2001,161,0,8553,Lee Porter,71.93,1079,15
2001,163,0,1577,Lee Janzen,72.0,1224,17
2001,163,0,1599,Steve Jones,72.0,720,10
2001,163,0,7547,Craig Kanada,72.0,792,11
2001,163,0,8375,Paul Stankowski,72.0,1296,18
2001,167,0,20095,Carl Paulson,72.06,1153,16
2001,168,0,1926,Steve Pate,72.07,1009,14
2001,169,0,1035,Tommy Armour III,72.08,937,13
2001,170,0,12823,Carlos Franco,72.12,1226,17
2001,171,0,1063,Ben Bates,72.13,577,8
2001,172,0,19881,Robert Damron,72.17,1299,18
2001,173,0,1374,Robin Freeman,72.18,1227,17
2001,173,0,2246,Duffy Waldorf,72.18,794,11
2001,175,0,10962,Bradley Hughes,72.21,1011,14
2001,176,0,6036,Scott Dunlap,72.23,939,13
2001,177,0,10213,Dicky Pride,72.25,867,12
2001,177,0,7101,Dave Stockton Jr.,72.25,578,8
2001,179,0,20433,Mark Hensby,72.29,506,7
2001,179,0,22046,Geoff Ogilvy,72.29,506,7
2001,181,0,1200,Keith Clearwater,72.43,507,7
2001,181,0,12753,David Morland IV,72.43,1014,14
2001,183,0,8535,Gary Nicklaus,72.5,870,12
2001,184,0,20436,Garrett Willis,72.55,798,11
2001,185,0,21584,Richie Coughlan,72.63,581,8
2001,186,0,6034,Marco Dawson,73.0,730,10
2001,187,0,6140,Sean Murphy,73.13,585,8
2001,188,0,6515,Shaun Micheel,73.19,1171,16
2001,189,0,20574,Mathew Goggin,73.21,1025,14
2001,190,0,24604,Hunter Haas,73.38,587,8
2001,191,0,1603,Jeff Julian,73.8,369,5
2001,192,0,1723,Andrew Magee,73.93,1109,15
2001,193,0,10649,Tom Scherrer,74.14,519,7
2001,194,0,20099,Doug Barron,74.57,522,7
2000,1,0,8045,Perry Moss,68.33,410,6
2000,2,0,8793,Tiger Woods,68.42,1300,19
2000,3,0,1968,Nick Price,69.14,968,14
2000,4,0,8993,Franklin Langham,69.24,1177,17
2000,5,0,1098,Jay Don Blake,69.28,1247,18
2000,6,0,20229,Stewart Cink,69.29,1455,21
2000,7,0,7749,Brett Quigley,69.4,694,10
2000,7,0,2214,Kirk Triplett,69.4,1388,20
2000,9,0,12388,Michael Clark II,69.42,833,12
2000,10,0,20593,Greg Chalmers,69.44,1250,18
2000,11,0,1042,Paul Azinger,69.47,1181,17
2000,12,0,1975,Tom Purtzer,69.63,557,8
2000,13,0,1024,Billy Andrade,69.73,767,11
2000,14,0,20095,Carl Paulson,69.74,1325,19
2000,15,0,6078,Esteban Toledo,69.75,1395,20
2000,16,0,6251,Chris DiMarco,69.83,1676,24
2000,17,0,20098,Stuart Appleby,69.94,1259,18
2000,18,0,2239,Scott Verplank,69.96,1679,24
2000,19,0,1219,John Cook,70.0,1050,15
2000,19,0,20574,Mathew Goggin,70.0,840,12
2000,19,0,2170,Hal Sutton,70.0,1330,19
2000,22,0,1943,Chris Perry,70.04,1611,23
2000,23,0,1810,Phil Mickelson,70.06,1261,18
2000,24,0,1203,Russ Cochran,70.1,701,10
2000,25,0,1677,Tom Lehman,70.13,1122,16
2000,25,0,1724,Jeff Maggert,70.13,1052,15
2000,27,0,10860,Justin Leonard,70.15,1403,20
2000,27,0,6595,Kevin Sutherland,70.15,1403,20
2000,29,0,6522,Ernie Els,70.18,1193,17
2000,29,0,19846,Brian Gay,70.18,1193,17
2000,31,0,6090,Jim McGovern,70.22,632,9
2000,32,0,1706,Davis Love III,70.24,1475,21
2000,32,0,1938,David Peoples,70.24,1475,21
2000,34,0,1226,Fred Couples,70.25,1124,16
2000,34,0,21209,Sergio Garcia,70.25,843,12
2000,36,0,1161,Mark Calcavecchia,70.26,1335,19
2000,37,0,12660,Jesper Parnevik,70.27,1054,15
2000,37,0,2223,Bob Tway,70.27,1054,15
2000,39,0,2010,Loren Roberts,70.3,1406,20
2000,40,0,1331,Rick Fehr,70.33,844,12
2000,40,0,1723,Andrew Magee,70.33,844,12
2000,42,0,6350,Bob May,70.35,1407,20
2000,43,0,6575,Dudley Hart,70.36,985,14
2000,44,0,6315,Pete Jordan,70.37,1337,19
2000,45,0,2131,Mike Springer,70.38,915,13
2000,46,0,8931,Glen Day,70.39,1267,18
2000,47,0,20099,Doug Barron,70.4,1056,15
2000,47,0,8375,Paul Stankowski,70.4,1056,15
2000,47,0,2206,David Toms,70.4,1760,25
2000,50,0,1175,Jim Carter,70.41,1197,17
2000,51,0,1329,Brad Faxon,70.45,1409,20
2000,52,0,1307,Joel Edwards,70.47,1339,19
2000,53,0,7457,Steve Flesch,70.48,2044,29
2000,53,0,1527,Scott Hoch,70.48,1621,23
2000,55,0,20105,Jeff Gove,70.5,705,10
2000,55,0,6567,Vijay Singh,70.5,1551,22
2000,55,0,2246,Duffy Waldorf,70.5,1128,16
2000,58,0,10423,Mike Weir,70.52,1481,21
2000,59,0,8545,Glen Hnatiuk,70.53,1058,15
2000,60,0,9011,David Duval,70.56,1129,16
2000,60,0,20043,Edward Fryatt,70.56,1129,16
2000,60,0,2245,Grant Waite,70.56,1270,18
2000,63,0,1533,P.H. Horgan III,70.57,494,7
2000,64,0,24356,Jason Buha,70.58,847,12
2000,64,0,12753,David Morland IV,70.58,847,12
2000,66,0,1945,Kenny Perry,70.61,1271,18
2000,67,0,1577,Lee Janzen,70.63,1342,19
2000,67,0,20127,Chris Riley,70.63,1342,19
2000,69,0,1361,Dan Forsman,70.71,1202,17
2000,70,0,10885,Robert Allenby,70.76,1486,21
2000,70,0,1771,Blaine McCallister,70.76,1486,21
2000,72,0,1996,Mike Reid,70.77,920,13
2000,73,0,19824,Craig Barlow,70.78,1274,18
2000,74,0,1116,Michael Bradley,70.8,708,10
2000,74,0,23125,Brad Elder,70.8,1416,20
2000,74,0,1569,Peter Jacobsen,70.8,708,10
2000,74,0,6140,Sean Murphy,70.8,1062,15
2000,78,0,6809,Bob Burns,70.81,1133,16
2000,78,0,21949,Joe Ogilvie,70.81,1133,16
2000,80,0,10569,Mike Brisky,70.82,779,11
2000,80,0,1320,Bob Estes,70.82,779,11
2000,82,0,6036,Scott Dunlap,70.83,1629,23
2000,82,0,1553,John Huston,70.83,1275,18
2000,82,0,10649,Tom Scherrer,70.83,1275,18
2000,85,0,1707,Steve Lowery,70.86,1559,22
2000,85,0,1920,Craig Parry,70.86,992,14
2000,87,0,10809,Jim Furyk,70.87,1630,23
2000,88,0,1619,Skip Kendall,70.88,1701,24
2000,89,0,6621,Joe Durant,70.89,1276,18
2000,89,0,12823,Carlos Franco,70.89,1347,19
2000,89,0,12782,Tim Herron,70.89,1347,19
2000,92,0,1418,Bill Glasson,70.9,1418,20
2000,92,0,1905,Joe Ozaki,70.9,709,10
2000,94,0,1388,Robert Gamez,70.91,780,11
2000,94,0,8075,Jerry Kelly,70.91,1631,23
2000,94,0,1761,Len Mattiace,70.91,1560,22
2000,94,0,11011,Mike Sposa,70.91,780,11
2000,98,0,12645,Brent Geiberger,70.93,1064,15
2000,99,0,19881,Robert Damron,70.94,1206,17
2000,100,0,1685,J.L. Lewis,70.95,1490,21
2000,101,0,6012,Greg Kraft,70.96,1632,23
2000,102,0,7763,Doug Dunakey,71.0,923,13
2000,102,0,1376,Bob Friend,71.0,994,14
2000,102,0,1381,Fred Funk,71.0,1633,23
2000,102,0,20094,Jonathan Kaye,71.0,1633,23
2000,102,0,1941,Tom Pernice Jr.,71.0,1136,16
2000,102,0,6527,Steve Stricker,71.0,710,10
2000,108,0,6617,Brian Henninger,71.07,1066,15
2000,108,0,1766,Billy Mayfair,71.07,1066,15
2000,110,0,21805,Harrison Frazar,71.09,782,11
2000,111,0,1157,Tom Byrum,71.11,1280,18
2000,111,0,6643,Paul Goydos,71.11,1351,19
2000,111,0,10117,Bob Heintz,71.11,640,9
2000,111,0,10425,Jay Williamson,71.11,1351,19
2000,115,0,1185,Brandel Chamblee,71.14,996,14
2000,116,0,21007,Gabriel Hjertstedt,71.15,925,13
2000,117,0,12680,Shigeki Maruyama,71.17,1281,18
2000,118,0,24357,K.J. Choi,71.2,1068,15
2000,119,0,10585,Scott McCarron,71.21,1353,19
2000,120,0,19822,Bobby Cochran,71.22,641,9
2000,121,0,6088,Steve Gotsche,71.31,927,13
2000,121,0,6573,Brandt Jobe,71.31,927,13
2000,121,0,1797,Rocco Mediate,71.31,1141,16
2000,124,0,6613,Tommy Tolles,71.33,642,9
2000,125,0,1599,Steve Jones,71.4,1071,15
2000,125,0,21593,Keith Nolan,71.4,357,5
2000,127,0,1191,Barry Cheesman,71.42,857,12
2000,127,0,2110,Jerry Smith,71.42,1357,19
2000,129,0,12652,Cameron Beckman,71.43,1000,14
2000,130,0,20029,Notah Begay III,71.44,1143,16
2000,130,0,10963,Jimmy Green,71.44,1143,16
2000,132,0,1326,Nick Faldo,71.45,786,11
2000,132,0,1408,Kelly Gibson,71.45,786,11
2000,132,0,12449,Ryan Howison,71.45,786,11
2000,135,0,1139,Olin Browne,71.47,1358,19
2000,135,0,1926,Steve Pate,71.47,1358,19
2000,137,0,1142,Bart Bryant,71.55,787,11
2000,138,0,6332,Neal Lancaster,71.56,1288,18
2000,138,0,23621,Rory Sabbatini,71.56,1145,16
2000,140,0,1035,Tommy Armour III,71.57,1002,14
2000,140,0,11653,Paul Curry,71.57,501,7
2000,142,0,1457,Jay Haas,71.58,859,12
2000,143,0,6581,David Sutherland,71.71,1506,21
2000,144,0,11032,Frank Lickliter II,71.73,1578,22
2000,144,0,22064,Craig Spence,71.73,789,11
2000,146,0,1093,Ronnie Black,71.75,861,12
2000,146,0,1323,Brad Fabel,71.75,861,12
2000,146,0,7101,Dave Stockton Jr.,71.75,861,12
2000,146,0,6431,Jean Van de Velde,71.75,861,12
2000,150,0,6062,Charles Raulerson,71.76,1220,17
2000,151,0,1823,Larry Mize,71.8,1077,15
2000,151,0,1887,Mark O'Meara,71.8,718,10
2000,153,0,10912,Craig Perks,71.83,862,12
2000,154,0,1489,Steve Hart,71.86,503,7
2000,155,0,7753,Kevin Wentworth,71.88,575,8
2000,156,0,23614,Rich Beem,71.91,791,11
2000,157,0,2104,Jeff Sluman,71.92,1726,24
2000,158,0,1282,Trevor Dodds,72.0,1008,14
2000,158,0,10962,Bradley Hughes,72.0,864,12
2000,158,0,8385,Omar Uresti,72.0,936,13
2000,161,0,8547,John Maginnes,72.06,1153,16
2000,162,0,6515,Shaun Micheel,72.07,1009,14
2000,163,0,2133,Craig Stadler,72.08,865,12
2000,164,0,7867,Woody Austin,72.17,1299,18
2000,165,0,8535,Gary Nicklaus,72.18,794,11
2000,166,0,1927,Dennis Paulson,72.21,1011,14
2000,167,0,2257,Brian Watts,72.24,1228,17
2000,168,0,1072,Chip Beck,72.25,289,4
2000,169,0,1313,Steve Elkington,72.31,940,13
2000,170,0,20445,Casey Martin,72.36,1013,14
2000,171,0,8243,Aaron Bengoechea,72.38,579,8
2000,172,0,6004,Stephen Ames,72.41,1231,17
2000,173,0,10201,Matt Gogel,72.42,869,12
2000,174,0,1928,Corey Pavin,72.45,797,11
2000,175,0,2101,Joey Sindelar,72.46,942,13
2000,176,0,1132,Mark Brooks,72.47,1087,15
2000,176,0,6044,Scott Gump,72.47,1232,17
2000,178,0,1040,Emlyn Aubrey,72.5,435,6
2000,179,0,8537,J.P. Hayes,72.56,1306,18
2000,180,0,6014,Eric Booker,72.58,871,12
2000,181,0,22913,John Rollins,72.63,581,8
2000,182,0,1063,Ben Bates,72.65,1235,17
2000,183,0,23656,Jason Caron,72.67,654,9
2000,184,0,10457,Frank Nobilo,72.68,1381,19
2000,185,0,10213,Dicky Pride,72.69,945,13
2000,186,0,1510,Nolan Henke,72.71,509,7
2000,187,0,7363,Craig Bowden,72.75,291,4
2000,188,0,1261,Jay Delsing,72.77,946,13
2000,189,0,1014,Fulton Allem,72.83,874,12
2000,190,0,1374,Robin Freeman,72.94,1240,17
2000,191,0,2279,Mark Wiebe,73.17,1317,18
2000,192,0,1249,John Daly,73.5,735,10
2000,192,0,2218,Ted Tryba,73.5,1323,18
2000,194,0,1378,David Frost,73.75,590,8
2000,195,0,1549,Mike Hulbert,74.2,371,5
1999,1,0,8931,Glen Day,69.95,1329,19
1999,2,0,7753,Kevin Wentworth,70.0,630,9
1999,3,0,1510,Nolan Henke,70.08,911,13
1999,4,0,8547,John Maginnes,70.13,1122,16
1999,5,0,6332,Neal Lancaster,70.31,914,13
1999,6,0,20094,Jonathan Kaye,70.39,1619,23
1999,7,0,1706,Davis Love III,70.44,1268,18
1999,8,0,10585,Scott McCarron,70.5,1269,18
1999,9,0,1941,Tom Pernice Jr.,70.57,988,14
1999,10,0,9011,David Duval,70.67,1272,18
1999,11,0,1996,Mike Reid,70.69,1131,16
1999,12,0,20229,Stewart Cink,70.7,1414,20
1999,13,0,10860,Justin Leonard,70.72,1768,25
1999,13,0,1943,Chris Perry,70.72,2051,29
1999,15,0,1098,Jay Don Blake,70.76,1203,17
1999,15,0,2170,Hal Sutton,70.76,1486,21
1999,15,0,2206,David Toms,70.76,1486,21
1999,18,0,10649,Tom Scherrer,70.84,1346,19
1999,19,0,8045,Perry Moss,70.87,1063,15
1999,20,0,6575,Dudley Hart,70.9,1489,21
1999,21,0,1569,Peter Jacobsen,70.93,1064,15
1999,21,0,20127,Chris Riley,70.93,1064,15
1999,23,0,2223,Bob Tway,70.94,1277,18
1999,24,0,6004,Stephen Ames,71.0,710,10
1999,24,0,1042,Paul Azinger,71.0,923,13
1999,24,0,6044,Scott Gump,71.0,1278,18
1999,24,0,21949,Joe Ogilvie,71.0,1065,15
1999,24,0,7749,Brett Quigley,71.0,710,10
1999,24,0,12663,Phil Tataurangi,71.0,568,8
1999,24,0,2245,Grant Waite,71.0,1278,18
1999,31,0,6643,Paul Goydos,71.05,1350,19
1999,31,0,6595,Kevin Sutherland,71.05,1421,20
1999,33,0,11011,Mike Sposa,71.06,1137,16
1999,34,0,1823,Larry Mize,71.07,1066,15
1999,35,0,1072,Chip Beck,71.11,640,9
1999,36,0,1381,Fred Funk,71.12,1849,26
1999,37,0,1766,Billy Mayfair,71.14,996,14
1999,37,0,10213,Dicky Pride,71.14,996,14
1999,39,0,1724,Jeff Maggert,71.16,1352,19
1999,39,0,8793,Tiger Woods,71.16,1352,19
1999,41,0,1226,Fred Couples,71.17,854,12
1999,41,0,6567,Vijay Singh,71.17,1708,24
1999,43,0,1320,Bob Estes,71.19,1851,26
1999,44,0,6315,Pete Jordan,71.2,1068,15
1999,44,0,1748,Doug Martin,71.2,1068,15
1999,46,0,1599,Steve Jones,71.22,641,9
1999,47,0,1705,Tim Loustalot,71.25,570,8
1999,48,0,1527,Scott Hoch,71.26,1639,23
1999,49,0,2104,Jeff Sluman,71.28,1782,25
1999,50,0,1203,Russ Cochran,71.29,998,14
1999,51,0,7457,Steve Flesch,71.32,1355,19
1999,52,0,20124,Alan Bratton,71.33,428,6
1999,52,0,10809,Jim Furyk,71.33,1712,24
1999,54,0,12782,Tim Herron,71.35,1427,20
1999,55,0,20029,Notah Begay III,71.38,1499,21
1999,56,0,1619,Skip Kendall,71.39,1642,23
1999,57,0,19824,Craig Barlow,71.44,1143,16
1999,58,0,20593,Greg Chalmers,71.45,1429,20
1999,59,0,7867,Woody Austin,71.5,1430,20
1999,59,0,10107,Deane Pappas,71.5,858,12
1999,59,0,10425,Jay Williamson,71.5,858,12
1999,62,0,1157,Tom Byrum,71.53,1216,17
1999,62,0,1418,Bill Glasson,71.53,1073,15
1999,62,0,6140,Sean Murphy,71.53,1073,15
1999,62,0,1928,Corey Pavin,71.53,1216,17
1999,66,0,8375,Paul Stankowski,71.55,787,11
1999,67,0,1361,Dan Forsman,71.58,1360,19
1999,68,0,1096,Phil Blackmar,71.59,1217,17
1999,68,0,1549,Mike Hulbert,71.59,1217,17
1999,70,0,20099,Doug Barron,71.62,931,13
1999,71,0,1024,Billy Andrade,71.63,1146,16
1999,71,0,1723,Andrew Magee,71.63,1146,16
1999,73,0,2214,Kirk Triplett,71.67,1290,18
1999,74,0,10885,Robert Allenby,71.69,1147,16
1999,75,0,1533,P.H. Horgan III,71.7,1434,20
1999,75,0,2246,Duffy Waldorf,71.7,1434,20
1999,77,0,10569,Mike Brisky,71.71,1004,14
1999,78,0,1093,Ronnie Black,71.73,789,11
1999,78,0,2279,Mark Wiebe,71.73,789,11
1999,80,0,20098,Stuart Appleby,71.79,1364,19
1999,81,0,6599,John Elliott,71.83,862,12
1999,81,0,1927,Dennis Paulson,71.83,1724,24
1999,83,0,21805,Harrison Frazar,71.84,1365,19
1999,84,0,8993,Franklin Langham,71.86,1509,21
1999,84,0,11032,Frank Lickliter II,71.86,1581,22
1999,84,0,10423,Mike Weir,71.86,1509,21
1999,87,0,19846,Brian Gay,71.89,647,9
1999,87,0,2010,Loren Roberts,71.89,1366,19
1999,89,0,1040,Emlyn Aubrey,71.9,719,10
1999,90,0,6621,Joe Durant,71.93,1007,14
1999,90,0,1313,Steve Elkington,71.93,1079,15
1999,92,0,6251,Chris DiMarco,71.95,1367,19
1999,92,0,1376,Bob Friend,71.95,1439,20
1999,94,0,1185,Brandel Chamblee,72.0,1008,14
1999,94,0,6522,Ernie Els,72.0,1008,14
1999,94,0,12823,Carlos Franco,72.0,1080,15
1999,94,0,2008,Lee Rinker,72.0,936,13
1999,94,0,2131,Mike Springer,72.0,864,12
1999,94,0,6527,Steve Stricker,72.0,1008,14
1999,94,0,6581,David Sutherland,72.0,1008,14
1999,101,0,1323,Brad Fabel,72.06,1297,18
1999,101,0,21007,Gabriel Hjertstedt,72.06,1297,18
1999,103,0,1553,John Huston,72.13,1154,16
1999,103,0,1968,Nick Price,72.13,1082,15
1999,105,0,8075,Jerry Kelly,72.14,1515,21
1999,106,0,1329,Brad Faxon,72.15,938,13
1999,107,0,1797,Rocco Mediate,72.18,1227,17
1999,108,0,12645,Brent Geiberger,72.19,1516,21
1999,109,0,6012,Greg Kraft,72.21,1372,19
1999,110,0,8537,J.P. Hayes,72.22,1300,18
1999,111,0,2101,Joey Sindelar,72.23,939,13
1999,112,0,1161,Mark Calcavecchia,72.25,1445,20
1999,113,0,1385,Jim Gallagher Jr.,72.27,795,11
1999,113,0,8553,Lee Porter,72.27,795,11
1999,113,0,2146,Payne Stewart,72.27,1084,15
1999,113,0,2218,Ted Tryba,72.27,1590,22
1999,117,0,1677,Tom Lehman,72.28,1301,18
1999,118,0,1063,Ben Bates,72.29,1229,17
1999,118,0,1771,Blaine McCallister,72.29,1229,17
1999,118,0,1945,Kenny Perry,72.29,1229,17
1999,121,0,2257,Brian Watts,72.32,1374,19
1999,122,0,1261,Jay Delsing,72.33,868,12
1999,123,0,1685,J.L. Lewis,72.35,1230,17
1999,124,0,1891,David Ogrin,72.36,796,11
1999,125,0,6078,Esteban Toledo,72.38,1520,21
1999,126,0,2267,D.A. Weibring,72.4,724,10
1999,127,0,1035,Tommy Armour III,72.41,1231,17
1999,128,0,1920,Craig Parry,72.43,1014,14
1999,129,0,1175,Jim Carter,72.45,1449,20
1999,129,0,6617,Brian Henninger,72.45,1449,20
1999,129,0,6062,Charles Raulerson,72.45,1449,20
1999,132,0,1887,Mark O'Meara,72.46,942,13
1999,132,0,23621,Rory Sabbatini,72.46,942,13
1999,134,0,1266,Clark Dennis,72.5,870,12
1999,134,0,1810,Phil Mickelson,72.5,1305,18
1999,136,0,1282,Trevor Dodds,72.53,1378,19
1999,136,0,1707,Steve Lowery,72.53,1378,19
1999,138,0,8385,Omar Uresti,72.55,1451,20
1999,139,0,6655,Geoffrey Sisk,72.56,653,9
1999,140,0,11123,Chris Couch,72.57,508,7
1999,141,0,12660,Jesper Parnevik,72.6,1089,15
1999,142,0,7763,Doug Dunakey,72.62,944,13
1999,142,0,1926,Steve Pate,72.62,1525,21
1999,144,0,1378,David Frost,72.65,1235,17
1999,145,0,1132,Mark Brooks,72.67,1744,24
1999,145,0,1331,Rick Fehr,72.67,872,12
1999,145,0,1761,Len Mattiace,72.67,1308,18
1999,148,0,12652,Cameron Beckman,72.69,945,13
1999,149,0,1388,Robert Gamez,72.7,727,10
1999,150,0,2242,Lanny Wadkins,72.71,509,7
1999,151,0,1374,Robin Freeman,72.73,800,11
1999,151,0,1457,Jay Haas,72.73,1091,15
1999,153,0,2239,Scott Verplank,72.74,1382,19
1999,154,0,2294,Willie Wood,72.78,655,9
1999,155,0,23614,Rich Beem,72.8,728,10
1999,155,0,1139,Olin Browne,72.8,1092,15
1999,157,0,19881,Robert Damron,72.83,1748,24
1999,158,0,6036,Scott Dunlap,72.84,1384,19
1999,159,0,6064,Jeff Gallagher,72.85,947,13
1999,160,0,2321,Fuzzy Zoeller,72.86,510,7
1999,161,0,2007,Larry Rinker,72.92,948,13
1999,161,0,6613,Tommy Tolles,72.92,875,12
1999,163,0,10457,Frank Nobilo,72.93,1094,15
1999,164,0,7781,Ty Armstrong,73.0,730,10
1999,164,0,8123,Jeff Brehaut,73.0,803,11
1999,164,0,1127,Danny Briggs,73.0,1095,15
1999,167,0,1577,Lee Janzen,73.06,1242,17
1999,168,0,1116,Michael Bradley,73.07,1023,14
1999,168,0,1219,John Cook,73.07,1096,15
1999,170,0,20213,Katsumasa Miyamoto,73.13,585,8
1999,171,0,20498,Briny Baird,73.15,951,13
1999,172,0,6809,Bob Burns,73.17,878,12
1999,172,0,2106,Chris Smith,73.17,878,12
1999,174,0,10733,Kent Jones,73.25,586,8
1999,175,0,10963,Jimmy Green,73.3,733,10
1999,176,0,2099,Scott Simpson,73.33,660,9
1999,177,0,1191,Barry Cheesman,73.38,1174,16
1999,178,0,2133,Craig Stadler,73.4,734,10
1999,179,0,1975,Tom Purtzer,73.5,441,6
1999,179,0,2023,Clarence Rose,73.5,294,4
1999,181,0,23349,Charles Warren,73.56,662,9
1999,182,0,10962,Bradley Hughes,73.68,1400,19
1999,183,0,1633,Tom Kite,73.71,516,7
1999,184,0,1905,Joe Ozaki,73.83,886,12
1999,185,0,7101,Dave Stockton Jr.,73.85,960,13
1999,186,0,6014,Eric Booker,73.87,1108,15
1999,187,0,1604,Steve Jurgensen,74.0,370,5
1999,188,0,1249,John Daly,74.27,817,11
1999,189,0,1014,Fulton Allem,74.77,972,13
1999,190,0,23623,Bo Van Pelt,75.25,602,8
1999,191,0,21959,Ted Purdy,75.57,529,7
1999,192,0,22292,David Seawell,78.0,234,3
1998,1,0,1385,Jim Gallagher Jr.,69.5,556,8
1998,2,0,1887,Mark O'Meara,69.53,1043,15
1998,3,0,1599,Steve Jones,69.61,1253,18
1998,4,0,9011,David Duval,69.63,1323,19
1998,5,0,1723,Andrew Magee,69.74,1325,19
1998,6,0,1185,Brandel Chamblee,69.75,1116,16
1998,7,0,1042,Paul Azinger,69.79,977,14
1998,8,0,2206,David Toms,69.88,1188,17
1998,9,0,8793,Tiger Woods,69.89,1258,18
1998,10,0,10809,Jim Furyk,69.96,1609,23
1998,11,0,1072,Chip Beck,70.0,140,2
1998,11,0,8375,Paul Stankowski,70.0,910,13
1998,13,0,2104,Jeff Sluman,70.08,1682,24
1998,14,0,1945,Kenny Perry,70.13,1122,16
1998,15,0,1724,Jeff Maggert,70.17,1263,18
1998,16,0,7457,Steve Flesch,70.18,1544,22
1998,17,0,10860,Justin Leonard,70.23,1545,22
1998,18,0,1035,Tommy Armour III,70.29,1195,17
1998,18,0,1553,John Huston,70.29,1476,21
1998,20,0,1266,Clark Dennis,70.31,914,13
1998,21,0,1302,R.W. Eaks,70.36,774,11
1998,22,0,1191,Barry Cheesman,70.38,1126,16
1998,23,0,1707,Steve Lowery,70.4,1056,15
1998,24,0,2223,Bob Tway,70.43,1620,23
1998,25,0,20098,Stuart Appleby,70.45,775,11
1998,26,0,2239,Scott Verplank,70.48,1480,21
1998,27,0,1941,Tom Pernice Jr.,70.5,987,14
1998,27,0,1968,Nick Price,70.5,987,14
1998,27,0,6581,David Sutherland,70.5,1128,16
1998,30,0,1823,Larry Mize,70.59,1200,17
1998,31,0,1705,Tim Loustalot,70.6,706,10
1998,32,0,1361,Dan Forsman,70.61,1271,18
1998,32,0,6078,Esteban Toledo,70.61,1271,18
1998,34,0,1569,Peter Jacobsen,70.64,777,11
1998,35,0,1810,Phil Mickelson,70.65,1201,17
1998,36,0,1920,Craig Parry,70.67,636,9
1998,36,0,2010,Loren Roberts,70.67,1272,18
1998,38,0,20229,Stewart Cink,70.68,1555,22
1998,39,0,1116,Michael Bradley,70.69,919,13
1998,40,0,6004,Stephen Ames,70.7,707,10
1998,41,0,1063,Ben Bates,70.71,1485,21
1998,41,0,8931,Glen Day,70.71,1485,21
1998,41,0,6332,Neal Lancaster,70.71,1202,17
1998,41,0,2101,Joey Sindelar,70.71,1485,21
1998,45,0,6522,Ernie Els,70.73,778,11
1998,46,0,1203,Russ Cochran,70.75,1132,16
1998,46,0,1468,Gary Hallberg,70.75,849,12
1998,46,0,8537,J.P. Hayes,70.75,849,12
1998,46,0,2135,Mike Standly,70.75,849,12
1998,46,0,7101,Dave Stockton Jr.,70.75,849,12
1998,51,0,1619,Skip Kendall,70.78,1628,23
1998,51,0,1706,Davis Love III,70.78,1274,18
1998,53,0,1219,John Cook,70.79,1345,19
1998,54,0,2294,Willie Wood,70.8,1062,15
1998,55,0,2170,Hal Sutton,70.81,1487,21
1998,56,0,1527,Scott Hoch,70.82,1558,22
1998,57,0,10423,Mike Weir,70.85,921,13
1998,58,0,1376,Bob Friend,70.86,992,14
1998,58,0,12755,Vance Veazey,70.86,496,7
1998,60,0,20099,Doug Barron,70.88,1134,16
1998,61,0,6315,Pete Jordan,70.92,851,12
1998,62,0,1282,Trevor Dodds,70.94,1206,17
1998,62,0,1577,Lee Janzen,70.94,1277,18
1998,62,0,2023,Clarence Rose,70.94,1135,16
1998,65,0,1161,Mark Calcavecchia,70.95,1561,22
1998,65,0,12782,Tim Herron,70.95,1348,19
1998,65,0,6567,Vijay Singh,70.95,1561,22
1998,68,0,6621,Joe Durant,71.0,1065,15
1998,68,0,6056,Jim Estes,71.0,568,8
1998,70,0,2131,Mike Springer,71.05,1350,19
1998,71,0,1926,Steve Pate,71.06,1208,17
1998,71,0,8553,Lee Porter,71.06,1208,17
1998,73,0,10585,Scott McCarron,71.07,1066,15
1998,74,0,1320,Bob Estes,71.08,1706,24
1998,75,0,10962,Bradley Hughes,71.1,711,10
1998,76,0,1677,Tom Lehman,71.11,1280,18
1998,76,0,1766,Billy Mayfair,71.11,1280,18
1998,78,0,1157,Tom Byrum,71.13,1067,15
1998,78,0,1457,Jay Haas,71.13,1138,16
1998,78,0,12660,Jesper Parnevik,71.13,1138,16
1998,78,0,7707,Mike Small,71.13,569,8
1998,82,0,1201,Lennie Clements,71.14,498,7
1998,82,0,1549,Mike Hulbert,71.14,996,14
1998,84,0,1381,Fred Funk,71.16,1779,25
1998,85,0,1414,Bob Gilder,71.18,783,11
1998,85,0,2214,Kirk Triplett,71.18,1210,17
1998,87,0,2106,Chris Smith,71.19,1139,16
1998,88,0,6270,Bobby Gage,71.2,356,5
1998,88,0,10213,Dicky Pride,71.2,356,5
1998,88,0,2246,Duffy Waldorf,71.2,1068,15
1998,91,0,1024,Billy Andrade,71.21,1353,19
1998,92,0,12663,Phil Tataurangi,71.23,926,13
1998,93,0,19881,Robert Damron,71.24,1211,17
1998,94,0,1943,Chris Perry,71.25,1710,24
1998,94,0,8385,Omar Uresti,71.25,1425,20
1998,94,0,2267,D.A. Weibring,71.25,855,12
1998,97,0,1771,Blaine McCallister,71.27,1568,22
1998,97,0,2002,John Riegger,71.27,1069,15
1998,97,0,7087,Hugh Royer III,71.27,784,11
1998,100,0,2133,Craig Stadler,71.29,998,14
1998,101,0,1996,Mike Reid,71.31,927,13
1998,102,0,1685,J.L. Lewis,71.33,1070,15
1998,102,0,8339,Spike McRoy,71.33,856,12
1998,104,0,6643,Paul Goydos,71.35,1427,20
1998,105,0,1331,Rick Fehr,71.36,785,11
1998,106,0,1533,P.H. Horgan III,71.37,1356,19
1998,107,0,1098,Jay Don Blake,71.38,1142,16
1998,107,0,1175,Jim Carter,71.38,1499,21
1998,109,0,12645,Brent Geiberger,71.39,1285,18
1998,110,0,6090,Jim McGovern,71.41,1214,17
1998,111,0,1928,Corey Pavin,71.45,786,11
1998,112,0,1139,Olin Browne,71.47,1072,15
1998,113,0,1748,Doug Martin,71.48,1644,23
1998,114,0,1261,Jay Delsing,71.5,1001,14
1998,114,0,6575,Dudley Hart,71.5,1287,18
1998,114,0,10207,Jimmy Johnston,71.5,715,10
1998,114,0,20094,Jonathan Kaye,71.5,858,12
1998,114,0,2146,Payne Stewart,71.5,1287,18
1998,114,0,7753,Kevin Wentworth,71.5,858,12
1998,120,0,2007,Larry Rinker,71.53,1216,17
1998,121,0,21584,Richie Coughlan,71.56,1288,18
1998,122,0,2008,Lee Rinker,71.57,1503,21
1998,123,0,8993,Franklin Langham,71.59,1217,17
1998,124,0,2218,Ted Tryba,71.62,1504,21
1998,125,0,6214,Guy Boros,71.64,788,11
1998,126,0,1905,Joe Ozaki,71.67,860,12
1998,127,0,1761,Len Mattiace,71.68,1577,22
1998,128,0,1226,Fred Couples,71.75,1148,16
1998,128,0,8075,Jerry Kelly,71.75,1148,16
1998,128,0,21593,Keith Nolan,71.75,287,4
1998,131,0,6595,Kevin Sutherland,71.76,1507,21
1998,132,0,21805,Harrison Frazar,71.81,1149,16
1998,133,0,2321,Fuzzy Zoeller,71.86,1006,14
1998,134,0,2099,Scott Simpson,71.88,575,8
1998,135,0,1353,Bruce Fleisher,71.93,1007,14
1998,135,0,2279,Mark Wiebe,71.93,1007,14
1998,137,0,1475,Donnie Hammond,72.0,1296,18
1998,137,0,1607,Brian Kamm,72.0,648,9
1998,137,0,6791,Mark Wurtz,72.0,360,5
1998,140,0,6044,Scott Gump,72.05,1369,19
1998,140,0,6617,Brian Henninger,72.05,1369,19
1998,142,0,1510,Nolan Henke,72.11,1298,18
1998,143,0,7749,Brett Quigley,72.12,1226,17
1998,144,0,2245,Grant Waite,72.13,1154,16
1998,145,0,6012,Greg Kraft,72.17,1299,18
1998,146,0,1068,Andy Bean,72.2,361,5
1998,146,0,1323,Brad Fabel,72.2,1083,15
1998,148,0,6064,Jeff Gallagher,72.22,1300,18
1998,149,0,6251,Chris DiMarco,72.24,1228,17
1998,149,0,1891,David Ogrin,72.24,1517,21
1998,151,0,1133,Billy Ray Brown,72.25,578,8
1998,151,0,2159,Curtis Strange,72.25,578,8
1998,151,0,6527,Steve Stricker,72.25,1445,20
1998,154,0,1797,Rocco Mediate,72.26,1373,19
1998,155,0,1014,Fulton Allem,72.33,651,9
1998,155,0,7569,Mark Carnevale,72.33,1085,15
1998,157,0,1132,Mark Brooks,72.35,1230,17
1998,158,0,8545,Glen Hnatiuk,72.36,1013,14
1998,159,0,1093,Ronnie Black,72.42,869,12
1998,159,0,10457,Frank Nobilo,72.42,869,12
1998,161,0,10569,Mike Brisky,72.46,942,13
1998,161,0,1378,David Frost,72.46,942,13
1998,163,0,11032,Frank Lickliter II,72.48,1667,23
1998,164,0,2241,Bobby Wadkins,72.53,1088,15
1998,165,0,19824,Craig Barlow,72.54,943,13
1998,166,0,7235,John Morse,72.57,508,7
1998,167,0,10733,Kent Jones,72.63,1162,16
1998,168,0,19883,Joe Daley,72.75,582,8
1998,168,0,1408,Kelly Gibson,72.75,1455,20
1998,170,0,1329,Brad Faxon,72.78,1310,18
1998,170,0,1334,Keith Fergus,72.78,655,9
1998,170,0,1388,Robert Gamez,72.78,655,9
1998,173,0,1960,Don Pooley,72.89,656,9
1998,174,0,1096,Phil Blackmar,72.93,1021,14
1998,175,0,1006,John Adams,73.0,584,8
1998,175,0,1633,Tom Kite,73.0,803,11
1998,177,0,1326,Nick Faldo,73.09,804,11
1998,178,0,1060,Dave Barr,73.14,512,7
1998,178,0,6132,Sonny Skinner,73.14,1024,14
1998,180,0,1604,Steve Jurgensen,73.33,660,9
1998,181,0,21007,Gabriel Hjertstedt,73.4,734,10
1998,182,0,6613,Tommy Tolles,73.46,955,13
1998,183,0,1717,Sandy Lyle,73.5,588,8
1998,184,0,1306,David Edwards,73.54,956,13
1998,185,0,10195,Tim Conley,73.64,810,11
1998,185,0,1249,John Daly,73.64,1031,14
1998,187,0,21631,Iain Steel,74.13,593,8
1998,188,0,20154,Guy Hill,74.4,744,10
1997,1,0,2010,Loren Roberts,69.41,1180,17
1997,2,0,1707,Steve Lowery,69.6,1392,20
1997,3,0,1706,Davis Love III,69.62,1462,21
1997,4,0,1577,Lee Janzen,69.7,1603,23
1997,5,0,1320,Bob Estes,69.8,1047,15
1997,6,0,1876,Greg Norman,69.83,838,12
1997,7,0,20229,Stewart Cink,70.06,1261,18
1997,8,0,10585,Scott McCarron,70.07,1051,15
1997,9,0,1331,Rick Fehr,70.08,841,12
1997,10,0,1161,Mark Calcavecchia,70.18,1544,22
1997,11,0,1748,Doug Martin,70.29,1476,21
1997,11,0,1968,Nick Price,70.29,984,14
1997,11,0,2206,David Toms,70.29,1195,17
1997,14,0,1771,Blaine McCallister,70.36,774,11
1997,14,0,2135,Mike Standly,70.36,985,14
1997,16,0,8793,Tiger Woods,70.4,1408,20
1997,17,0,1724,Jeff Maggert,70.42,1338,19
1997,18,0,6124,Patrick Burke,70.45,775,11
1997,19,0,1457,Jay Haas,70.47,1198,17
1997,20,0,12660,Jesper Parnevik,70.5,1128,16
1997,20,0,1945,Kenny Perry,70.5,1128,16
1997,20,0,2133,Craig Stadler,70.5,987,14
1997,20,0,6595,Kevin Sutherland,70.5,1128,16
1997,24,0,1891,David Ogrin,70.55,1411,20
1997,25,0,6617,Brian Henninger,70.57,988,14
1997,26,0,1569,Peter Jacobsen,70.63,1342,19
1997,27,0,10809,Jim Furyk,70.65,1625,23
1997,27,0,10860,Justin Leonard,70.65,1625,23
1997,29,0,1334,Keith Fergus,70.67,848,12
1997,30,0,1527,Scott Hoch,70.68,1555,22
1997,31,0,1928,Corey Pavin,70.7,707,10
1997,32,0,10457,Frank Nobilo,70.71,990,14
1997,33,0,6621,Joe Durant,70.72,1273,18
1997,34,0,1766,Billy Mayfair,70.75,1132,16
1997,34,0,2267,D.A. Weibring,70.75,849,12
1997,36,0,1157,Tom Byrum,70.76,1486,21
1997,36,0,1323,Brad Fabel,70.76,1203,17
1997,36,0,7749,Brett Quigley,70.76,1486,21
1997,39,0,1093,Ronnie Black,70.8,1062,15
1997,40,0,2223,Bob Tway,70.81,1487,21
1997,41,0,12645,Brent Geiberger,70.82,1204,17
1997,41,0,6527,Steve Stricker,70.82,779,11
1997,43,0,1723,Andrew Magee,70.86,1559,22
1997,44,0,7101,Dave Stockton Jr.,70.88,1134,16
1997,45,0,1306,David Edwards,70.91,780,11
1997,46,0,1887,Mark O'Meara,70.94,1277,18
1997,47,0,1185,Brandel Chamblee,71.0,994,14
1997,47,0,10875,Todd Demsey,71.0,639,9
1997,47,0,1418,Bill Glasson,71.0,1136,16
1997,47,0,2239,Scott Verplank,71.0,710,10
1997,47,0,2292,Bob Wolcott,71.0,568,8
1997,52,0,1677,Tom Lehman,71.06,1208,17
1997,53,0,1143,Brad Bryant,71.07,1066,15
1997,54,0,1353,Bruce Fleisher,71.08,924,13
1997,55,0,1196,Brian Claar,71.09,782,11
1997,56,0,6613,Tommy Tolles,71.1,1422,20
1997,57,0,1098,Jay Don Blake,71.11,1280,18
1997,58,0,1035,Tommy Armour III,71.12,1209,17
1997,59,0,1920,Craig Parry,71.13,1138,16
1997,60,0,1810,Phil Mickelson,71.17,1281,18
1997,61,0,1116,Michael Bradley,71.19,1139,16
1997,61,0,6643,Paul Goydos,71.19,1495,21
1997,63,0,1175,Jim Carter,71.2,1424,20
1997,63,0,2049,Gene Sauers,71.2,712,10
1997,65,0,1203,Russ Cochran,71.24,1496,21
1997,65,0,1219,John Cook,71.24,1496,21
1997,65,0,1797,Rocco Mediate,71.24,1211,17
1997,68,0,1201,Lennie Clements,71.27,1069,15
1997,69,0,19881,Robert Damron,71.29,1212,17
1997,69,0,1633,Tom Kite,71.29,998,14
1997,69,0,1943,Chris Perry,71.29,1497,21
1997,69,0,2099,Scott Simpson,71.29,998,14
1997,69,0,2242,Lanny Wadkins,71.29,998,14
1997,74,0,1014,Fulton Allem,71.3,713,10
1997,75,0,1599,Steve Jones,71.31,1141,16
1997,76,0,1040,Emlyn Aubrey,71.33,642,9
1997,76,0,1475,Donnie Hammond,71.33,856,12
1997,76,0,1761,Len Mattiace,71.33,1284,18
1997,76,0,2170,Hal Sutton,71.33,1284,18
1997,80,0,10569,Mike Brisky,71.35,1427,20
1997,80,0,2104,Jeff Sluman,71.35,1427,20
1997,82,0,10505,Shane Bertsch,71.36,785,11
1997,82,0,12387,Michael Christie,71.36,999,14
1997,82,0,1313,Steve Elkington,71.36,999,14
1997,82,0,6522,Ernie Els,71.36,999,14
1997,86,0,1006,John Adams,71.38,928,13
1997,86,0,6581,David Sutherland,71.38,928,13
1997,88,0,1381,Fred Funk,71.39,1642,23
1997,89,0,10837,Kevin Burton,71.4,714,10
1997,89,0,1619,Skip Kendall,71.4,1428,20
1997,89,0,2007,Larry Rinker,71.4,1071,15
1997,92,0,1960,Don Pooley,71.41,1214,17
1997,93,0,10962,Bradley Hughes,71.42,857,12
1997,94,0,9011,David Duval,71.43,1500,21
1997,94,0,8339,Spike McRoy,71.43,500,7
1997,96,0,7003,David Berganio Jr.,71.46,929,13
1997,96,0,1408,Kelly Gibson,71.46,1715,24
1997,98,0,1329,Brad Faxon,71.5,1144,16
1997,98,0,10213,Dicky Pride,71.5,429,6
1997,98,0,12663,Phil Tataurangi,71.5,858,12
1997,101,0,12782,Tim Herron,71.52,1502,21
1997,102,0,6315,Pete Jordan,71.53,1216,17
1997,103,0,2245,Grant Waite,71.55,1431,20
1997,104,0,1926,Steve Pate,71.57,1002,14
1997,105,0,1682,Wayne Levi,71.58,859,12
1997,106,0,20098,Stuart Appleby,71.59,1217,17
1997,107,0,1553,John Huston,71.6,716,10
1997,107,0,7547,Craig Kanada,71.6,358,5
1997,107,0,2146,Payne Stewart,71.6,1432,20
1997,110,0,1139,Olin Browne,71.61,1289,18
1997,111,0,6575,Dudley Hart,71.62,931,13
1997,112,0,1941,Tom Pernice Jr.,71.64,788,11
1997,113,0,1549,Mike Hulbert,71.65,1433,20
1997,114,0,1096,Phil Blackmar,71.68,1362,19
1997,115,0,1533,P.H. Horgan III,71.69,932,13
1997,116,0,6567,Vijay Singh,71.71,1506,21
1997,117,0,2166,Chip Sullivan,71.73,789,11
1997,118,0,1388,Robert Gamez,71.75,861,12
1997,118,0,2256,Tom Watson,71.75,861,12
1997,120,0,11032,Frank Lickliter II,71.77,933,13
1997,121,0,6036,Scott Dunlap,71.79,1005,14
1997,121,0,1996,Mike Reid,71.79,1005,14
1997,123,0,10207,Jimmy Johnston,71.82,790,11
1997,124,0,1042,Paul Azinger,71.83,862,12
1997,124,0,2095,Larry Silveira,71.83,431,6
1997,126,0,8931,Glen Day,71.86,1006,14
1997,127,0,2294,Willie Wood,71.88,1150,16
1997,128,0,6132,Sonny Skinner,71.89,647,9
1997,128,0,2214,Kirk Triplett,71.89,1294,18
1997,130,0,21007,Gabriel Hjertstedt,71.91,791,11
1997,131,0,1487,Jeff Hart,71.92,863,12
1997,132,0,1307,Joel Edwards,71.93,1007,14
1997,132,0,1823,Larry Mize,71.93,1007,14
1997,134,0,1444,Ken Green,72.0,504,7
1997,134,0,8265,Eric Johnson,72.0,792,11
1997,134,0,6012,Greg Kraft,72.0,1224,17
1997,134,0,6090,Jim McGovern,72.0,936,13
1997,134,0,5466,Jack O'Keefe,72.0,720,10
1997,134,0,2101,Joey Sindelar,72.0,1368,19
1997,134,0,6577,John Wilson,72.0,1008,14
1997,141,0,20099,Doug Barron,72.05,1441,20
1997,142,0,1385,Jim Gallagher Jr.,72.07,1009,14
1997,143,0,1011,Rafael Alarcon,72.08,937,13
1997,144,0,10963,Jimmy Green,72.1,721,10
1997,145,0,2159,Curtis Strange,72.17,866,12
1997,146,0,2321,Fuzzy Zoeller,72.22,650,9
1997,147,0,8537,J.P. Hayes,72.28,1301,18
1997,148,0,1261,Jay Delsing,72.29,1012,14
1997,148,0,2100,Tim Simpson,72.29,506,7
1997,150,0,1226,Fred Couples,72.31,940,13
1997,150,0,8075,Jerry Kelly,72.31,940,13
1997,152,0,1072,Chip Beck,72.33,217,3
1997,153,0,1024,Billy Andrade,72.35,1664,23
1997,154,0,12826,Paul Claxton,72.4,724,10
1997,155,0,6332,Neal Lancaster,72.41,1231,17
1997,156,0,6044,Scott Gump,72.43,1521,21
1997,157,0,2008,Lee Rinker,72.44,1159,16
1997,158,0,2131,Mike Springer,72.45,797,11
1997,159,0,1510,Nolan Henke,72.5,1160,16
1997,159,0,8375,Paul Stankowski,72.5,1595,22
1997,159,0,2279,Mark Wiebe,72.5,1015,14
1997,162,0,1361,Dan Forsman,72.53,1088,15
1997,162,0,2246,Duffy Waldorf,72.53,1378,19
1997,164,0,2218,Ted Tryba,72.59,1234,17
1997,165,0,7267,Allen Doyle,72.62,944,13
1997,166,0,1378,David Frost,72.64,799,11
1997,166,0,2023,Clarence Rose,72.64,1017,14
1997,168,0,1249,John Daly,72.67,654,9
1997,169,0,1132,Mark Brooks,72.79,1019,14
1997,170,0,1288,Ed Dougherty,72.8,364,5
1997,170,0,6515,Shaun Micheel,72.8,364,5
1997,172,0,20158,Anthony Rodriguez,72.83,437,6
1997,173,0,1374,Robin Freeman,72.85,947,13
1997,174,0,7867,Woody Austin,72.86,510,7
1997,175,0,1864,Larry Nelson,72.88,583,8
1997,176,0,8547,John Maginnes,72.93,1021,14
1997,177,0,7363,Craig Bowden,73.0,584,8
1997,177,0,1326,Nick Faldo,73.0,803,11
1997,177,0,7087,Hugh Royer III,73.0,511,7
1997,180,0,6214,Guy Boros,73.08,950,13
1997,181,0,1717,Sandy Lyle,73.11,658,9
1997,182,0,2225,Howard Twitty,73.13,585,8
1997,183,0,6144,John Dowdall,73.17,439,6
1997,184,0,1975,Tom Purtzer,73.2,732,10
1997,185,0,1133,Billy Ray Brown,73.27,806,11
1997,186,0,8385,Omar Uresti,73.28,1319,18
1997,187,0,1905,Joe Ozaki,73.36,1027,14
1997,188,0,2226,Tray Tyner,73.44,661,9
1997,189,0,7465,Hideki Kase,73.54,956,13
1997,190,0,2115,Taylor Smith,73.58,883,12
1997,191,0,6034,Marco Dawson,73.67,884,12
1997,192,0,8553,Lee Porter,73.75,590,8
1997,193,0,7235,John Morse,73.87,1108,15
1997,194,0,1489,Steve Hart,74.11,667,9
1997,195,0,1346,Ed Fiori,74.14,519,7
1996,1,0,1945,Kenny Perry,69.41,1180,17
1996,2,0,1527,Scott Hoch,69.68,1533,22
1996,3,0,1226,Fred Couples,69.75,1116,16
1996,4,0,1042,Paul Azinger,69.76,1186,17
1996,5,0,2245,Grant Waite,69.79,977,14
1996,6,0,1706,Davis Love III,69.83,1257,18
1996,7,0,1326,Nick Faldo,69.85,908,13
1996,8,0,2104,Jeff Sluman,69.87,1607,23
1996,9,0,2321,Fuzzy Zoeller,69.9,699,10
1996,10,0,8547,John Maginnes,69.93,979,14
1996,11,0,1381,Fred Funk,70.0,1610,23
1996,12,0,1116,Michael Bradley,70.05,1331,19
1996,12,0,1887,Mark O'Meara,70.05,1331,19
1996,14,0,1864,Larry Nelson,70.06,1121,16
1996,15,0,1837,Gil Morgan,70.08,841,12
1996,16,0,1724,Jeff Maggert,70.1,1402,20
1996,17,0,1723,Andrew Magee,70.17,842,12
1996,18,0,6315,Pete Jordan,70.18,772,11
1996,19,0,1928,Corey Pavin,70.2,1404,20
1996,20,0,6613,Tommy Tolles,70.24,1475,21
1996,21,0,1157,Tom Byrum,70.25,843,12
1996,22,0,1797,Rocco Mediate,70.27,1054,15
1996,23,0,1766,Billy Mayfair,70.28,1265,18
1996,24,0,8931,Glen Day,70.32,1336,19
1996,25,0,1388,Robert Gamez,70.33,844,12
1996,25,0,1761,Len Mattiace,70.33,1055,15
1996,27,0,1599,Steve Jones,70.35,1196,17
1996,28,0,1331,Rick Fehr,70.36,985,14
1996,29,0,1876,Greg Norman,70.4,704,10
1996,30,0,1361,Dan Forsman,70.45,775,11
1996,31,0,1823,Larry Mize,70.47,1057,15
1996,32,0,1035,Tommy Armour III,70.5,423,6
1996,32,0,1142,Bart Bryant,70.5,987,14
1996,32,0,10649,Tom Scherrer,70.5,846,12
1996,35,0,1905,Joe Ozaki,70.54,917,13
1996,36,0,1810,Phil Mickelson,70.56,1270,18
1996,37,0,2131,Mike Springer,70.57,988,14
1996,38,0,1093,Ronnie Black,70.58,1341,19
1996,38,0,1677,Tom Lehman,70.58,1341,19
1996,38,0,6527,Steve Stricker,70.58,1341,19
1996,41,0,1891,David Ogrin,70.62,1483,21
1996,42,0,2010,Loren Roberts,70.63,1342,19
1996,42,0,2146,Payne Stewart,70.63,1342,19
1996,42,0,2159,Curtis Strange,70.63,1130,16
1996,42,0,2170,Hal Sutton,70.63,1130,16
1996,46,0,1457,Jay Haas,70.65,1413,20
1996,47,0,1313,Steve Elkington,70.73,1061,15
1996,48,0,2246,Duffy Waldorf,70.75,849,12
1996,49,0,1329,Brad Faxon,70.76,1486,21
1996,49,0,2101,Joey Sindelar,70.76,1203,17
1996,51,0,1975,Tom Purtzer,70.79,1345,19
1996,52,0,1475,Donnie Hammond,70.82,779,11
1996,52,0,2135,Mike Standly,70.82,779,11
1996,54,0,1161,Mark Calcavecchia,70.83,1700,24
1996,54,0,1219,John Cook,70.83,1275,18
1996,54,0,2133,Craig Stadler,70.83,850,12
1996,57,0,20095,Carl Paulson,70.86,992,14
1996,58,0,6012,Greg Kraft,70.87,1063,15
1996,59,0,9011,David Duval,70.88,1205,17
1996,60,0,1132,Mark Brooks,70.91,1631,23
1996,61,0,7867,Woody Austin,70.92,1702,24
1996,61,0,2279,Mark Wiebe,70.92,922,13
1996,63,0,6124,Patrick Burke,71.0,923,13
1996,63,0,1185,Brandel Chamblee,71.0,781,11
1996,63,0,1261,Jay Delsing,71.0,994,14
1996,63,0,6643,Paul Goydos,71.0,994,14
1996,63,0,10860,Justin Leonard,71.0,1633,23
1996,63,0,1943,Chris Perry,71.0,1065,15
1996,63,0,1968,Nick Price,71.0,852,12
1996,63,0,2223,Bob Tway,71.0,1136,16
1996,71,0,8075,Jerry Kelly,71.06,1137,16
1996,71,0,7087,Hugh Royer III,71.06,1137,16
1996,71,0,2214,Kirk Triplett,71.06,1137,16
1996,74,0,1569,Peter Jacobsen,71.07,995,14
1996,74,0,2099,Scott Simpson,71.07,995,14
1996,76,0,6064,Jeff Gallagher,71.09,782,11
1996,77,0,2267,D.A. Weibring,71.1,711,10
1996,78,0,1323,Brad Fabel,71.11,1280,18
1996,79,0,1748,Doug Martin,71.12,1209,17
1996,80,0,10809,Jim Furyk,71.13,1636,23
1996,80,0,19913,Ron Whittaker,71.13,569,8
1996,82,0,1385,Jim Gallagher Jr.,71.14,996,14
1996,83,0,1098,Jay Don Blake,71.15,1423,20
1996,84,0,1143,Brad Bryant,71.18,1210,17
1996,84,0,1487,Jeff Hart,71.18,783,11
1996,86,0,1378,David Frost,71.21,997,14
1996,87,0,2256,Tom Watson,71.23,926,13
1996,88,0,7267,Allen Doyle,71.24,1211,17
1996,88,0,10585,Scott McCarron,71.24,1211,17
1996,90,0,2206,David Toms,71.25,1140,16
1996,91,0,6044,Scott Gump,71.26,1354,19
1996,92,0,1139,Olin Browne,71.29,1497,21
1996,93,0,1156,Curt Byrum,71.3,713,10
1996,93,0,1707,Steve Lowery,71.3,1426,20
1996,95,0,8337,Mike Heinen,71.35,1213,17
1996,96,0,1040,Emlyn Aubrey,71.38,928,13
1996,96,0,19883,Joe Daley,71.38,928,13
1996,98,0,1006,John Adams,71.4,1071,15
1996,98,0,1510,Nolan Henke,71.4,1071,15
1996,98,0,1725,John Mahaffey,71.4,357,5
1996,98,0,1783,Mark McCumber,71.4,714,10
1996,102,0,1408,Kelly Gibson,71.43,1643,23
1996,103,0,1958,Dan Pohl,71.45,786,11
1996,104,0,6090,Jim McGovern,71.47,1072,15
1996,104,0,2023,Clarence Rose,71.47,1215,17
1996,104,0,2049,Gene Sauers,71.47,1072,15
1996,107,0,1306,David Edwards,71.5,1144,16
1996,107,0,10213,Dicky Pride,71.5,1001,14
1996,109,0,1201,Lennie Clements,71.53,1216,17
1996,109,0,6034,Marco Dawson,71.53,1216,17
1996,111,0,1553,John Huston,71.56,1288,18
1996,111,0,1603,Jeff Julian,71.56,644,9
1996,113,0,1203,Russ Cochran,71.57,1002,14
1996,113,0,1320,Bob Estes,71.57,501,7
1996,113,0,1577,Lee Janzen,71.57,1503,21
1996,113,0,6567,Vijay Singh,71.57,1646,23
1996,117,0,1096,Phil Blackmar,71.58,1360,19
1996,118,0,1549,Mike Hulbert,71.61,1289,18
1996,119,0,1196,Brian Claar,71.62,1504,21
1996,120,0,20098,Stuart Appleby,71.63,1361,19
1996,120,0,12660,Jesper Parnevik,71.63,1146,16
1996,122,0,1014,Fulton Allem,71.64,788,11
1996,122,0,10569,Mike Brisky,71.64,1003,14
1996,122,0,1235,Ben Crenshaw,71.64,788,11
1996,125,0,1072,Chip Beck,71.65,1218,17
1996,126,0,6140,Sean Murphy,71.67,1075,15
1996,127,0,6522,Ernie Els,71.69,1147,16
1996,127,0,1414,Bob Gilder,71.69,1147,16
1996,127,0,1701,Bob Lohr,71.69,1147,16
1996,130,0,1133,Billy Ray Brown,71.71,1004,14
1996,130,0,1604,Steve Jurgensen,71.71,1004,14
1996,130,0,1682,Wayne Levi,71.71,1004,14
1996,133,0,1920,Craig Parry,71.72,1291,18
1996,134,0,1633,Tom Kite,71.73,1076,15
1996,135,0,1175,Jim Carter,71.75,1722,24
1996,135,0,1307,Joel Edwards,71.75,1435,20
1996,135,0,2241,Bobby Wadkins,71.75,1148,16
1996,138,0,2218,Ted Tryba,71.76,1220,17
1996,139,0,8993,Franklin Langham,71.79,1005,14
1996,139,0,1996,Mike Reid,71.79,1005,14
1996,139,0,6066,Gary Rusnak,71.79,1005,14
1996,142,0,7101,Dave Stockton Jr.,71.8,1077,15
1996,143,0,2008,Lee Rinker,71.84,1365,19
1996,144,0,8375,Paul Stankowski,71.92,863,12
1996,144,0,2303,Robert Wrenn,71.92,863,12
1996,146,0,12626,Joey Gullion,71.93,1007,14
1996,147,0,10203,Bryan Gorman,72.0,864,12
1996,147,0,1444,Ken Green,72.0,936,13
1996,147,0,6332,Neal Lancaster,72.0,1512,21
1996,147,0,7235,John Morse,72.0,1440,20
1996,147,0,20505,Lucas Parsons,72.0,360,5
1996,147,0,2171,Mike Swartz,72.0,648,9
1996,147,0,8385,Omar Uresti,72.0,1152,16
1996,154,0,12782,Tim Herron,72.05,1513,21
1996,155,0,1771,Blaine McCallister,72.06,1297,18
1996,156,0,1024,Billy Andrade,72.12,1226,17
1996,157,0,6214,Guy Boros,72.13,1154,16
1996,157,0,11032,Frank Lickliter II,72.13,1082,15
1996,159,0,1334,Keith Fergus,72.14,1010,14
1996,160,0,6036,Scott Dunlap,72.15,938,13
1996,161,0,1374,Robin Freeman,72.18,1227,17
1996,162,0,1435,Wayne Grady,72.25,867,12
1996,163,0,1060,Dave Barr,72.27,795,11
1996,164,0,6617,Brian Henninger,72.33,1085,15
1996,165,0,1200,Keith Clearwater,72.4,1086,15
1996,166,0,2115,Taylor Smith,72.43,1014,14
1996,167,0,1068,Andy Bean,72.5,725,10
1996,168,0,10215,Charlie Rymer,72.53,1233,17
1996,168,0,2186,Brian Tennyson,72.53,1088,15
1996,170,0,20259,Hisayuki Sasaki,72.54,943,13
1996,170,0,6577,John Wilson,72.54,943,13
1996,172,0,1346,Ed Fiori,72.55,798,11
1996,172,0,1971,Dillard Pruitt,72.55,798,11
1996,174,0,10505,Shane Bertsch,72.56,653,9
1996,175,0,6595,Kevin Sutherland,72.81,1529,21
1996,176,0,6657,Steve Rintoul,73.18,805,11
1996,177,0,20051,Joe Acosta Jr.,73.25,586,8
1996,177,0,2201,Jim Thorpe,73.25,586,8
1996,179,0,2167,Mike Sullivan,73.41,1248,17
1996,180,0,1960,Don Pooley,73.42,881,12
1996,181,0,2226,Tray Tyner,73.5,588,8
1996,182,0,2242,Lanny Wadkins,73.56,662,9
1996,183,0,12781,Scott Medlin,73.6,368,5
1996,184,0,2106,Chris Smith,73.67,884,12
1996,185,0,6599,John Elliott,73.83,443,6
1996,186,0,1938,David Peoples,74.13,593,8
1996,187,0,1557,John Inman,74.15,964,13
1996,187,0,10425,Jay Williamson,74.15,964,13
1996,189,0,1249,John Daly,74.2,1113,15
1996,190,0,1607,Brian Kamm,74.29,1040,14
1995,1,0,6034,Marco Dawson,69.27,1039,15
1995,2,0,6124,Patrick Burke,69.36,971,14
1995,3,0,10145,Tom Hearn,69.5,556,8
1995,4,0,1313,Steve Elkington,69.53,1043,15
1995,5,0,20094,Jonathan Kaye,69.63,557,8
1995,6,0,1418,Bill Glasson,69.64,975,14
1995,7,0,1326,Nick Faldo,69.82,1187,17
1995,7,0,1457,Jay Haas,69.82,1187,17
1995,9,0,6315,Pete Jordan,69.83,838,12
1995,10,0,1971,Dillard Pruitt,69.87,1048,15
1995,11,0,2101,Joey Sindelar,69.92,909,13
1995,12,0,2099,Scott Simpson,69.95,1329,19
1995,13,0,6214,Guy Boros,70.07,1051,15
1995,14,0,1975,Tom Purtzer,70.1,701,10
1995,15,0,1040,Emlyn Aubrey,70.14,982,14
1995,16,0,2159,Curtis Strange,70.18,1193,17
1995,17,0,1042,Paul Azinger,70.2,1053,15
1995,18,0,10860,Justin Leonard,70.21,1685,24
1995,18,0,1876,Greg Norman,70.21,983,14
1995,20,0,1414,Bob Gilder,70.23,913,13
1995,21,0,2239,Scott Verplank,70.26,1335,19
1995,22,0,2190,Doug Tewell,70.29,492,7
1995,23,0,1060,Dave Barr,70.31,914,13
1995,24,0,1320,Bob Estes,70.33,1477,21
1995,25,0,2170,Hal Sutton,70.35,1196,17
1995,26,0,1968,Nick Price,70.4,1056,15
1995,27,0,6251,Chris DiMarco,70.42,845,12
1995,28,0,1766,Billy Mayfair,70.52,1481,21
1995,29,0,9011,David Duval,70.53,1340,19
1995,30,0,1161,Mark Calcavecchia,70.58,1694,24
1995,30,0,1905,Joe Ozaki,70.58,847,12
1995,32,0,1837,Gil Morgan,70.64,989,14
1995,32,0,1938,David Peoples,70.64,777,11
1995,34,0,1098,Jay Don Blake,70.65,1201,17
1995,34,0,1475,Donnie Hammond,70.65,1201,17
1995,34,0,1724,Jeff Maggert,70.65,1201,17
1995,37,0,2131,Mike Springer,70.67,424,6
1995,38,0,1707,Steve Lowery,70.68,1767,25
1995,39,0,8337,Mike Heinen,70.69,1131,16
1995,39,0,2225,Howard Twitty,70.69,1131,16
1995,41,0,7867,Woody Austin,70.7,1626,23
1995,41,0,2104,Jeff Sluman,70.7,1414,20
1995,41,0,2246,Duffy Waldorf,70.7,1414,20
1995,44,0,8931,Glen Day,70.71,990,14
1995,44,0,1706,Davis Love III,70.71,1485,21
1995,44,0,1945,Kenny Perry,70.71,1485,21
1995,44,0,2133,Craig Stadler,70.71,990,14
1995,48,0,1677,Tom Lehman,70.73,1061,15
1995,49,0,2010,Loren Roberts,70.74,1344,19
1995,50,0,1797,Rocco Mediate,70.75,566,8
1995,50,0,1926,Steve Pate,70.75,1132,16
1995,52,0,1132,Mark Brooks,70.76,1203,17
1995,52,0,1549,Mike Hulbert,70.76,1486,21
1995,54,0,1142,Bart Bryant,70.79,991,14
1995,54,0,1823,Larry Mize,70.79,991,14
1995,54,0,1891,David Ogrin,70.79,991,14
1995,57,0,10215,Charlie Rymer,70.8,708,10
1995,58,0,6090,Jim McGovern,70.83,1275,18
1995,59,0,1329,Brad Faxon,70.84,1346,19
1995,60,0,1185,Brandel Chamblee,70.85,921,13
1995,61,0,1201,Lennie Clements,70.86,1488,21
1995,62,0,6012,Greg Kraft,70.88,1134,16
1995,62,0,1748,Doug Martin,70.88,1205,17
1995,62,0,2218,Ted Tryba,70.88,1205,17
1995,65,0,1143,Brad Bryant,70.89,1276,18
1995,66,0,1527,Scott Hoch,70.91,1631,23
1995,67,0,1306,David Edwards,70.93,1064,15
1995,67,0,1331,Rick Fehr,70.93,993,14
1995,67,0,1783,Mark McCumber,70.93,1064,15
1995,70,0,1006,John Adams,70.94,1135,16
1995,71,0,2223,Bob Tway,70.95,1490,21
1995,72,0,6522,Ernie Els,71.0,923,13
1995,72,0,8537,J.P. Hayes,71.0,994,14
1995,72,0,6613,Tommy Tolles,71.0,923,13
1995,75,0,1235,Ben Crenshaw,71.06,1208,17
1995,76,0,1725,John Mahaffey,71.07,1066,15
1995,77,0,1381,Fred Funk,71.08,1777,25
1995,77,0,2226,Tray Tyner,71.08,853,12
1995,79,0,1690,Bruce Lietzke,71.09,782,11
1995,79,0,1887,Mark O'Meara,71.09,1564,22
1995,81,0,10809,Jim Furyk,71.1,1493,21
1995,82,0,1510,Nolan Henke,71.13,1067,15
1995,82,0,1810,Phil Mickelson,71.13,1067,15
1995,82,0,2214,Kirk Triplett,71.13,1636,23
1995,85,0,2146,Payne Stewart,71.14,1565,22
1995,86,0,10585,Scott McCarron,71.15,925,13
1995,87,0,1550,Ed Humenik,71.17,854,12
1995,87,0,1986,Joey Rassett,71.17,427,6
1995,89,0,20051,Joe Acosta Jr.,71.18,783,11
1995,89,0,1116,Michael Bradley,71.18,1210,17
1995,89,0,1927,Dennis Paulson,71.18,783,11
1995,92,0,6527,Steve Stricker,71.2,1424,20
1995,93,0,1266,Clark Dennis,71.23,926,13
1995,94,0,6197,Michael Allen,71.25,570,8
1995,95,0,1374,Robin Freeman,71.26,1354,19
1995,96,0,1385,Jim Gallagher Jr.,71.27,1568,22
1995,96,0,2111,Mike Smith,71.27,784,11
1995,96,0,2148,Ray Stewart,71.27,784,11
1995,99,0,1701,Bob Lohr,71.29,1497,21
1995,99,0,1890,Brett Ogle,71.29,998,14
1995,99,0,1928,Corey Pavin,71.29,1212,17
1995,99,0,2008,Lee Rinker,71.29,1212,17
1995,99,0,6567,Vijay Singh,71.29,1212,17
1995,104,0,6088,Steve Gotsche,71.31,927,13
1995,105,0,1920,Craig Parry,71.33,1070,15
1995,105,0,1960,Don Pooley,71.33,1070,15
1995,107,0,2135,Mike Standly,71.38,1142,16
1995,108,0,1093,Ronnie Black,71.4,1071,15
1995,108,0,1219,John Cook,71.4,1071,15
1995,110,0,6617,Brian Henninger,71.45,786,11
1995,111,0,1378,David Frost,71.47,1072,15
1995,111,0,1723,Andrew Magee,71.47,1215,17
1995,113,0,1014,Fulton Allem,71.5,572,8
1995,113,0,7235,John Morse,71.5,858,12
1995,113,0,1996,Mike Reid,71.5,572,8
1995,113,0,2321,Fuzzy Zoeller,71.5,858,12
1995,117,0,2267,D.A. Weibring,71.53,1216,17
1995,118,0,1353,Bruce Fleisher,71.54,930,13
1995,119,0,1156,Curt Byrum,71.57,1503,21
1995,119,0,1577,Lee Janzen,71.57,1503,21
1995,121,0,2167,Mike Sullivan,71.59,1217,17
1995,121,0,6577,John Wilson,71.59,1217,17
1995,123,0,1408,Kelly Gibson,71.61,1289,18
1995,124,0,8385,Omar Uresti,71.65,1218,17
1995,125,0,1096,Phil Blackmar,71.67,1075,15
1995,125,0,1444,Ken Green,71.67,860,12
1995,125,0,2180,Harry Taylor,71.67,1075,15
1995,128,0,1175,Jim Carter,71.68,1362,19
1995,129,0,2094,Tony Sills,71.69,932,13
1995,130,0,1682,Wayne Levi,71.71,502,7
1995,131,0,1203,Russ Cochran,71.73,1076,15
1995,131,0,8563,Bruce Vaughan,71.73,1076,15
1995,133,0,1226,Fred Couples,71.75,861,12
1995,133,0,6643,Paul Goydos,71.75,1435,20
1995,133,0,2245,Grant Waite,71.75,1148,16
1995,136,0,1307,Joel Edwards,71.76,1220,17
1995,137,0,1569,Peter Jacobsen,71.77,1579,22
1995,138,0,6044,Scott Gump,71.78,1292,18
1995,139,0,6809,Bob Burns,71.82,790,11
1995,140,0,1458,Jerry Haas,71.83,862,12
1995,140,0,1925,Jerry Pate,71.83,862,12
1995,142,0,1864,Larry Nelson,71.86,503,7
1995,143,0,1334,Keith Fergus,71.88,1150,16
1995,143,0,1361,Dan Forsman,71.88,1150,16
1995,143,0,1619,Skip Kendall,71.88,1222,17
1995,146,0,1771,Blaine McCallister,71.89,1294,18
1995,146,0,6048,Dicky Thompson,71.89,647,9
1995,148,0,2279,Mark Wiebe,71.91,791,11
1995,149,0,1035,Tommy Armour III,71.94,1151,16
1995,149,0,1072,Chip Beck,71.94,1295,18
1995,149,0,2049,Gene Sauers,71.94,1151,16
1995,149,0,2241,Bobby Wadkins,71.94,1151,16
1995,153,0,1024,Billy Andrade,72.0,1224,17
1995,153,0,10569,Mike Brisky,72.0,1008,14
1995,153,0,1129,Bill Britton,72.0,720,10
1995,153,0,1705,Tim Loustalot,72.0,360,5
1995,153,0,12660,Jesper Parnevik,72.0,1008,14
1995,153,0,2242,Lanny Wadkins,72.0,648,9
1995,153,0,2256,Tom Watson,72.0,936,13
1995,160,0,6791,Mark Wurtz,72.08,937,13
1995,161,0,1599,Steve Jones,72.13,1154,16
1995,162,0,1261,Jay Delsing,72.17,866,12
1995,163,0,1553,John Huston,72.21,1011,14
1995,163,0,1685,J.L. Lewis,72.21,1011,14
1995,165,0,1196,Brian Claar,72.22,1300,18
1995,166,0,1633,Tom Kite,72.25,1445,20
1995,167,0,7101,Dave Stockton Jr.,72.27,1084,15
1995,168,0,6332,Neal Lancaster,72.35,1230,17
1995,169,0,1992,Don Reese,72.36,796,11
1995,170,0,1943,Chris Perry,72.38,1158,16
1995,171,0,6657,Steve Rintoul,72.56,1161,16
1995,172,0,1388,Robert Gamez,72.57,1016,14
1995,173,0,6575,Dudley Hart,72.61,1307,18
1995,174,0,8717,Kawika Cotner,72.64,1017,14
1995,175,0,1468,Gary Hallberg,72.67,872,12
1995,176,0,6386,Bill Porter,72.69,945,13
1995,177,0,1607,Brian Kamm,72.76,1237,17
1995,178,0,1133,Billy Ray Brown,72.78,655,9
1995,179,0,7569,Mark Carnevale,72.8,728,10
1995,179,0,8375,Paul Stankowski,72.8,1092,15
1995,181,0,7721,Pat Bates,72.9,729,10
1995,182,0,6641,Jeff Leonard,73.0,657,9
1995,183,0,20095,Carl Paulson,73.1,731,10
1995,184,0,10425,Jay Williamson,73.18,805,11
1995,185,0,1249,John Daly,73.2,1098,15
1995,186,0,1200,Keith Clearwater,73.29,513,7
1995,187,0,10213,Dicky Pride,74.33,892,12
1995,188,0,1330,David Feherty,74.91,824,11
1994,1,0,2010,Loren Roberts,69.28,1247,18
1994,2,0,1161,Mark Calcavecchia,69.65,1184,17
1994,3,0,1553,John Huston,69.67,1254,18
1994,4,0,1810,Phil Mickelson,69.73,1046,15
1994,5,0,1690,Bruce Lietzke,69.75,837,12
1994,6,0,1876,Greg Norman,69.81,1117,16
1994,7,0,1783,Mark McCumber,69.83,1257,18
1994,8,0,1824,Yoshinori Mizumaki,69.85,908,13
1994,9,0,1457,Jay Haas,69.87,1607,23
1994,10,0,2321,Fuzzy Zoeller,69.88,1118,16
1994,11,0,1968,Nick Price,69.92,909,13
1994,12,0,1418,Bill Glasson,70.0,1120,16
1994,13,0,2159,Curtis Strange,70.11,1262,18
1994,14,0,1320,Bob Estes,70.14,1543,22
1994,14,0,2201,Jim Thorpe,70.14,982,14
1994,16,0,1975,Tom Purtzer,70.17,842,12
1994,16,0,2223,Bob Tway,70.17,842,12
1994,18,0,2133,Craig Stadler,70.21,983,14
1994,18,0,2239,Scott Verplank,70.21,983,14
1994,20,0,1116,Michael Bradley,70.27,1054,15
1994,21,0,1837,Gil Morgan,70.29,984,14
1994,21,0,2049,Gene Sauers,70.29,1195,17
1994,23,0,1143,Brad Bryant,70.33,1688,24
1994,24,0,1096,Phil Blackmar,70.4,352,5
1994,24,0,1527,Scott Hoch,70.4,1408,20
1994,24,0,1928,Corey Pavin,70.4,1056,15
1994,27,0,2167,Mike Sullivan,70.45,775,11
1994,28,0,1385,Jim Gallagher Jr.,70.47,1057,15
1994,28,0,1569,Peter Jacobsen,70.47,1057,15
1994,30,0,1219,John Cook,70.5,1128,16
1994,31,0,1226,Fred Couples,70.58,847,12
1994,31,0,1378,David Frost,70.58,1341,19
1994,31,0,1475,Donnie Hammond,70.58,1341,19
1994,34,0,1771,Blaine McCallister,70.65,1413,20
1994,35,0,1060,Dave Barr,70.67,1272,18
1994,35,0,6657,Steve Rintoul,70.67,1060,15
1994,37,0,1677,Tom Lehman,70.68,1343,19
1994,37,0,2170,Hal Sutton,70.68,1555,22
1994,39,0,1235,Ben Crenshaw,70.7,1414,20
1994,40,0,1559,Hale Irwin,70.71,1202,17
1994,41,0,1329,Brad Faxon,70.73,1556,22
1994,42,0,1891,David Ogrin,70.76,1203,17
1994,43,0,6809,Bob Burns,70.8,708,10
1994,44,0,1945,Kenny Perry,70.82,1558,22
1994,45,0,6577,John Wilson,70.86,992,14
1994,46,0,1331,Rick Fehr,70.87,1063,15
1994,47,0,1510,Nolan Henke,70.91,780,11
1994,48,0,2246,Duffy Waldorf,70.92,922,13
1994,49,0,6214,Guy Boros,70.94,1277,18
1994,50,0,1196,Brian Claar,70.95,1348,19
1994,50,0,1926,Steve Pate,70.95,1348,19
1994,50,0,6527,Steve Stricker,70.95,1419,20
1994,53,0,6609,Rob Boldt,71.0,639,9
1994,53,0,1133,Billy Ray Brown,71.0,142,2
1994,53,0,7569,Mark Carnevale,71.0,852,12
1994,53,0,1307,Joel Edwards,71.0,923,13
1994,53,0,1920,Craig Parry,71.0,923,13
1994,53,0,1927,Dennis Paulson,71.0,852,12
1994,53,0,2095,Larry Silveira,71.0,781,11
1994,53,0,2131,Mike Springer,71.0,1207,17
1994,53,0,2214,Kirk Triplett,71.0,1349,19
1994,62,0,1132,Mark Brooks,71.04,1634,23
1994,63,0,1098,Jay Don Blake,71.05,1350,19
1994,64,0,6140,Sean Murphy,71.08,924,13
1994,64,0,2322,Richard Zokol,71.08,924,13
1994,66,0,8375,Paul Stankowski,71.11,640,9
1994,67,0,2241,Bobby Wadkins,71.14,996,14
1994,68,0,1724,Jeff Maggert,71.15,1423,20
1994,69,0,8337,Mike Heinen,71.17,854,12
1994,69,0,1577,Lee Janzen,71.17,1281,18
1994,71,0,1701,Bob Lohr,71.19,1139,16
1994,72,0,1201,Lennie Clements,71.2,1424,20
1994,72,0,1266,Clark Dennis,71.2,1424,20
1994,72,0,1282,Trevor Dodds,71.2,712,10
1994,72,0,2100,Tim Simpson,71.2,1068,15
1994,72,0,2206,David Toms,71.2,1068,15
1994,77,0,1374,Robin Freeman,71.21,1353,19
1994,78,0,1072,Chip Beck,71.22,1282,18
1994,79,0,1996,Mike Reid,71.25,855,12
1994,80,0,2101,Joey Sindelar,71.27,784,11
1994,81,0,6088,Steve Gotsche,71.29,499,7
1994,82,0,1024,Billy Andrade,71.33,1284,18
1994,82,0,2245,Grant Waite,71.33,856,12
1994,84,0,1306,David Edwards,71.37,1356,19
1994,84,0,1723,Andrew Magee,71.37,1356,19
1994,86,0,1313,Steve Elkington,71.38,928,13
1994,86,0,2104,Jeff Sluman,71.38,1142,16
1994,88,0,1971,Dillard Pruitt,71.39,1285,18
1994,89,0,1414,Bob Gilder,71.4,1071,15
1994,89,0,6567,Vijay Singh,71.4,1071,15
1994,91,0,10809,Jim Furyk,71.41,1214,17
1994,91,0,1444,Ken Green,71.41,1214,17
1994,91,0,1823,Larry Mize,71.41,1214,17
1994,94,0,1093,Ronnie Black,71.43,1000,14
1994,94,0,1755,Dick Mast,71.43,1000,14
1994,94,0,1890,Brett Ogle,71.43,500,7
1994,94,0,2294,Willie Wood,71.43,1000,14
1994,98,0,6090,Jim McGovern,71.44,1286,18
1994,99,0,1203,Russ Cochran,71.45,1429,20
1994,100,0,6034,Marco Dawson,71.46,929,13
1994,100,0,1550,Ed Humenik,71.46,929,13
1994,100,0,2256,Tom Watson,71.46,929,13
1994,103,0,1388,Robert Gamez,71.47,1072,15
1994,104,0,1156,Curt Byrum,71.5,858,12
1994,105,0,2218,Ted Tryba,71.52,1502,21
1994,106,0,6020,Steve Brodie,71.53,1073,15
1994,106,0,6251,Chris DiMarco,71.53,1073,15
1994,106,0,1706,Davis Love III,71.53,1359,19
1994,109,0,1766,Billy Mayfair,71.56,1288,18
1994,110,0,1361,Dan Forsman,71.58,859,12
1994,110,0,12660,Jesper Parnevik,71.58,859,12
1994,110,0,1986,Joey Rassett,71.58,859,12
1994,113,0,1495,Morris Hatalsky,71.64,1003,14
1994,113,0,10213,Dicky Pride,71.64,788,11
1994,115,0,7235,John Morse,71.67,860,12
1994,115,0,1905,Joe Ozaki,71.67,1075,15
1994,117,0,1381,Fred Funk,71.68,1577,22
1994,117,0,1707,Steve Lowery,71.68,1362,19
1994,119,0,1353,Bruce Fleisher,71.69,932,13
1994,119,0,1408,Kelly Gibson,71.69,932,13
1994,119,0,6012,Greg Kraft,71.69,932,13
1994,122,0,6575,Dudley Hart,71.7,717,10
1994,123,0,1633,Tom Kite,71.71,1219,17
1994,124,0,1288,Ed Dougherty,71.72,1291,18
1994,125,0,6643,Paul Goydos,71.77,1579,22
1994,126,0,8931,Glen Day,71.78,1292,18
1994,126,0,2230,Stan Utley,71.78,646,9
1994,128,0,2099,Scott Simpson,71.79,1005,14
1994,129,0,2007,Larry Rinker,71.8,718,10
1994,130,0,1938,David Peoples,71.81,1149,16
1994,131,0,1607,Brian Kamm,71.88,1150,16
1994,131,0,1648,Billy Kratzert,71.88,575,8
1994,131,0,1887,Mark O'Meara,71.88,1222,17
1994,134,0,2135,Mike Standly,71.89,1366,19
1994,135,0,6078,Esteban Toledo,71.92,863,12
1994,135,0,6589,Jeff Woodland,71.92,935,13
1994,137,0,6058,John Flannery,71.93,1007,14
1994,138,0,1549,Mike Hulbert,71.95,1439,20
1994,138,0,6332,Neal Lancaster,71.95,1367,19
1994,140,0,2190,Doug Tewell,72.0,1296,18
1994,141,0,2225,Howard Twitty,72.06,1225,17
1994,142,0,7101,Dave Stockton Jr.,72.07,1009,14
1994,143,0,1129,Bill Britton,72.08,865,12
1994,144,0,1185,Brandel Chamblee,72.11,1370,19
1994,145,0,1200,Keith Clearwater,72.12,1226,17
1994,146,0,1139,Olin Browne,72.13,1082,15
1994,146,0,2067,Ted Schulz,72.13,577,8
1994,148,0,2267,D.A. Weibring,72.15,938,13
1994,149,0,12661,Todd Barranger,72.2,722,10
1994,150,0,1330,David Feherty,72.23,939,13
1994,151,0,1261,Jay Delsing,72.27,1084,15
1994,152,0,1006,John Adams,72.3,723,10
1994,152,0,2033,Dave Rummells,72.3,1446,20
1994,154,0,12663,Phil Tataurangi,72.33,651,9
1994,155,0,6016,Brad Lardon,72.38,579,8
1994,155,0,1748,Doug Martin,72.38,579,8
1994,157,0,6197,Michael Allen,72.41,1231,17
1994,158,0,1435,Wayne Grady,72.5,725,10
1994,158,0,1468,Gary Hallberg,72.5,1015,14
1994,158,0,1557,John Inman,72.5,1015,14
1994,158,0,2090,Tom Sieckmann,72.5,725,10
1994,162,0,6128,Steve Lamontagne,72.53,1088,15
1994,163,0,1725,John Mahaffey,72.6,726,10
1994,164,0,2146,Payne Stewart,72.67,1090,15
1994,165,0,6315,Pete Jordan,72.69,945,13
1994,166,0,6350,Bob May,72.86,510,7
1994,167,0,6617,Brian Henninger,72.87,1093,15
1994,168,0,1629,Eddie Kirby,72.88,583,8
1994,169,0,2303,Robert Wrenn,72.89,656,9
1994,170,0,1682,Wayne Levi,73.06,1242,17
1994,171,0,2242,Lanny Wadkins,73.25,586,8
1994,172,0,6591,Rocky Walcher,73.44,661,9
1994,173,0,6062,Charles Raulerson,73.56,662,9
1994,174,0,1014,Fulton Allem,73.67,1105,15
1994,175,0,2224,Greg Twiggs,74.0,148,2
1994,176,0,6791,Mark Wurtz,74.08,889,12
1994,177,0,1392,Tom Garner,74.5,447,6
1994,177,0,1864,Larry Nelson,74.5,596,8
1994,179,0,7781,Ty Armstrong,74.63,597,8
1993,1,0,1633,Tom Kite,69.21,969,14
1993,2,0,1607,Brian Kamm,69.38,1110,16
1993,3,0,1527,Scott Hoch,69.39,1249,18
1993,4,0,1736,Roger Maltbie,69.44,625,9
1993,5,0,1495,Morris Hatalsky,69.46,903,13
1993,6,0,2201,Jim Thorpe,69.67,627,9
1993,7,0,1928,Corey Pavin,69.81,1466,21
1993,8,0,1724,Jeff Maggert,69.82,1187,17
1993,9,0,1072,Chip Beck,70.0,1260,18
1993,9,0,6124,Patrick Burke,70.0,770,11
1993,11,0,2298,Jim Woodward,70.13,561,8
1993,12,0,1378,David Frost,70.2,1053,15
1993,13,0,2159,Curtis Strange,70.27,1054,15
1993,14,0,1958,Dan Pohl,70.29,492,7
1993,15,0,1185,Brandel Chamblee,70.31,914,13
1993,15,0,1771,Blaine McCallister,70.31,1125,16
1993,17,0,1385,Jim Gallagher Jr.,70.33,1266,18
1993,17,0,1690,Bruce Lietzke,70.33,633,9
1993,19,0,1677,Tom Lehman,70.35,1407,20
1993,20,0,1849,Bill Murchison,70.38,563,8
1993,21,0,1226,Fred Couples,70.41,1197,17
1993,21,0,1968,Nick Price,70.41,1197,17
1993,23,0,1203,Russ Cochran,70.42,1338,19
1993,24,0,1706,Davis Love III,70.52,1622,23
1993,25,0,2225,Howard Twitty,70.53,1340,19
1993,26,0,1876,Greg Norman,70.54,917,13
1993,27,0,2146,Payne Stewart,70.55,1552,22
1993,28,0,1014,Fulton Allem,70.61,1271,18
1993,29,0,2133,Craig Stadler,70.63,1130,16
1993,30,0,6136,Mike Schuchart,70.64,777,11
1993,31,0,1219,John Cook,70.67,1272,18
1993,32,0,1042,Paul Azinger,70.69,1131,16
1993,32,0,1723,Andrew Magee,70.69,919,13
1993,32,0,2217,Dennis Trixler,70.69,919,13
1993,35,0,2099,Scott Simpson,70.72,1273,18
1993,36,0,2321,Fuzzy Zoeller,70.76,1203,17
1993,37,0,1559,Hale Irwin,70.77,920,13
1993,38,0,1418,Bill Glasson,70.81,1133,16
1993,39,0,1569,Peter Jacobsen,70.82,1204,17
1993,40,0,6144,John Dowdall,70.83,425,6
1993,41,0,1161,Mark Calcavecchia,70.84,1346,19
1993,42,0,2279,Mark Wiebe,70.89,1347,19
1993,43,0,1837,Gil Morgan,70.9,1418,20
1993,43,0,2007,Larry Rinker,70.9,709,10
1993,45,0,1577,Lee Janzen,70.91,1560,22
1993,46,0,1331,Rick Fehr,71.0,1633,23
1993,46,0,5319,Gene Jones,71.0,497,7
1993,46,0,1975,Tom Purtzer,71.0,639,9
1993,49,0,1766,Billy Mayfair,71.05,1563,22
1993,49,0,2010,Loren Roberts,71.05,1350,19
1993,51,0,1201,Lennie Clements,71.06,1137,16
1993,51,0,2245,Grant Waite,71.06,1137,16
1993,53,0,1414,Bob Gilder,71.08,853,12
1993,53,0,1533,P.H. Horgan III,71.08,853,12
1993,55,0,1648,Billy Kratzert,71.09,782,11
1993,56,0,2267,D.A. Weibring,71.12,1209,17
1993,57,0,1098,Jay Don Blake,71.14,996,14
1993,58,0,2256,Tom Watson,71.15,925,13
1993,59,0,1200,Keith Clearwater,71.17,1637,23
1993,60,0,2190,Doug Tewell,71.18,783,11
1993,61,0,1361,Dan Forsman,71.21,1353,19
1993,62,0,1132,Mark Brooks,71.22,1282,18
1993,62,0,1457,Jay Haas,71.22,1923,27
1993,62,0,1783,Mark McCumber,71.22,1282,18
1993,65,0,1261,Jay Delsing,71.25,1425,20
1993,65,0,1381,Fred Funk,71.25,1710,24
1993,67,0,2214,Kirk Triplett,71.26,1354,19
1993,68,0,1196,Brian Claar,71.27,1568,22
1993,68,0,1320,Bob Estes,71.27,1568,22
1993,70,0,1701,Bob Lohr,71.29,1212,17
1993,70,0,1887,Mark O'Meara,71.29,1212,17
1993,70,0,2131,Mike Springer,71.29,998,14
1993,73,0,1553,John Huston,71.31,1854,26
1993,73,0,6589,Jeff Woodland,71.31,927,13
1993,75,0,1060,Dave Barr,71.32,1355,19
1993,76,0,1235,Ben Crenshaw,71.33,1070,15
1993,76,0,6332,Neal Lancaster,71.33,1284,18
1993,76,0,1707,Steve Lowery,71.33,1712,24
1993,76,0,2294,Willie Wood,71.33,1070,15
1993,80,0,1823,Larry Mize,71.35,1213,17
1993,81,0,1682,Wayne Levi,71.36,999,14
1993,82,0,1353,Bruce Fleisher,71.38,1142,16
1993,82,0,6566,Jaime Gomez,71.38,928,13
1993,84,0,1945,Kenny Perry,71.39,1285,18
1993,85,0,1510,Nolan Henke,71.4,1428,20
1993,86,0,1306,David Edwards,71.41,1214,17
1993,87,0,6599,John Elliott,71.42,857,12
1993,88,0,1129,Bill Britton,71.43,1000,14
1993,89,0,1469,Dan Halldorson,71.44,643,9
1993,89,0,1926,Steve Pate,71.44,1286,18
1993,91,0,6197,Michael Allen,71.47,1072,15
1993,91,0,1475,Donnie Hammond,71.47,1358,19
1993,93,0,1024,Billy Andrade,71.5,1287,18
1993,93,0,1313,Steve Elkington,71.5,1573,22
1993,93,0,1797,Rocco Mediate,71.5,1430,20
1993,96,0,1920,Craig Parry,71.53,1073,15
1993,97,0,1218,Jeff Cook,71.54,930,13
1993,98,0,6006,JC Anderson,71.55,787,11
1993,99,0,1550,Ed Humenik,71.56,1145,16
1993,99,0,1557,John Inman,71.56,1288,18
1993,99,0,1846,Jodie Mudd,71.56,644,9
1993,99,0,2224,Greg Twiggs,71.56,1145,16
1993,103,0,6012,Greg Kraft,71.58,859,12
1993,104,0,2180,Harry Taylor,71.63,1146,16
1993,105,0,2101,Joey Sindelar,71.64,1003,14
1993,106,0,1715,Mark Lye,71.67,860,12
1993,107,0,6128,Steve Lamontagne,71.69,1147,16
1993,107,0,1810,Phil Mickelson,71.69,932,13
1993,107,0,2135,Mike Standly,71.69,1147,16
1993,110,0,2111,Mike Smith,71.73,789,11
1993,110,0,2223,Bob Tway,71.73,789,11
1993,112,0,1288,Ed Dougherty,71.76,1507,21
1993,113,0,6090,Jim McGovern,71.77,1866,26
1993,113,0,2322,Richard Zokol,71.77,933,13
1993,115,0,1891,David Ogrin,71.78,1292,18
1993,116,0,1388,Robert Gamez,71.8,1077,15
1993,116,0,2218,Ted Tryba,71.8,1077,15
1993,118,0,6575,Dudley Hart,71.81,1149,16
1993,119,0,1971,Dillard Pruitt,71.84,1365,19
1993,120,0,1035,Tommy Armour III,71.86,503,7
1993,120,0,1323,Brad Fabel,71.86,1006,14
1993,120,0,6401,Marty Schiene,71.86,503,7
1993,123,0,1307,Joel Edwards,71.87,1078,15
1993,124,0,1329,Brad Faxon,71.89,1294,18
1993,124,0,1408,Kelly Gibson,71.89,1366,19
1993,126,0,10195,Tim Conley,71.9,719,10
1993,127,0,1096,Phil Blackmar,71.94,1151,16
1993,127,0,1346,Ed Fiori,71.94,1151,16
1993,127,0,1755,Dick Mast,71.94,1151,16
1993,127,0,2100,Tim Simpson,71.94,1223,17
1993,131,0,1549,Mike Hulbert,71.95,1439,20
1993,131,0,2049,Gene Sauers,71.95,1367,19
1993,133,0,1143,Brad Bryant,72.0,1440,20
1993,133,0,2090,Tom Sieckmann,72.0,1224,17
1993,133,0,2242,Lanny Wadkins,72.0,864,12
1993,136,0,6643,Paul Goydos,72.06,1297,18
1993,137,0,7569,Mark Carnevale,72.07,1081,15
1993,137,0,1946,Peter Persons,72.07,1081,15
1993,137,0,2246,Duffy Waldorf,72.07,1081,15
1993,140,0,2206,David Toms,72.08,865,12
1993,141,0,1197,Bobby Clampett,72.09,793,11
1993,141,0,2033,Dave Rummells,72.09,793,11
1993,143,0,1444,Ken Green,72.11,649,9
1993,144,0,1093,Ronnie Black,72.12,1226,17
1993,145,0,1934,Dave Peege,72.13,577,8
1993,145,0,2067,Ted Schulz,72.13,1154,16
1993,147,0,1116,Michael Bradley,72.14,1010,14
1993,148,0,6058,John Flannery,72.18,1588,22
1993,149,0,1191,Barry Cheesman,72.23,939,13
1993,150,0,1049,Ian Baker-Finch,72.25,867,12
1993,150,0,6617,Brian Henninger,72.25,1156,16
1993,150,0,2185,Lance Ten Broeck,72.25,1156,16
1993,153,0,1249,John Daly,72.29,1012,14
1993,153,0,2104,Jeff Sluman,72.29,1518,21
1993,155,0,6044,Scott Gump,72.31,1157,16
1993,156,0,1157,Tom Byrum,72.33,868,12
1993,157,0,6086,Russell Beiersdorf,72.35,1447,20
1993,158,0,1564,David Jackson,72.38,941,13
1993,158,0,2170,Hal Sutton,72.38,941,13
1993,160,0,1374,Robin Freeman,72.43,1014,14
1993,161,0,1006,John Adams,72.47,1232,17
1993,162,0,1659,Massy Kuramoto,72.55,798,11
1993,163,0,1284,Mike Donald,72.64,799,11
1993,164,0,8553,Lee Porter,72.67,436,6
1993,165,0,1390,Buddy Gardner,72.71,509,7
1993,166,0,2241,Bobby Wadkins,72.75,582,8
1993,167,0,1761,Len Mattiace,72.77,946,13
1993,168,0,1443,Hubert Green,72.86,510,7
1993,169,0,1938,David Peoples,72.87,1093,15
1993,170,0,1248,Rick Dalpos,72.88,583,8
1993,171,0,6284,Jim Hallet,73.0,730,10
1993,171,0,1619,Skip Kendall,73.0,1241,17
1993,173,0,8045,Perry Moss,73.13,1097,15
1993,174,0,8759,Tad Rhyan,73.14,512,7
1993,175,0,1468,Gary Hallberg,73.16,1390,19
1993,176,0,6247,David Delong,73.2,366,5
1993,177,0,1282,Trevor Dodds,73.23,952,13
1993,178,0,2303,Robert Wrenn,73.25,879,12
1993,179,0,1864,Larry Nelson,73.44,661,9
1993,180,0,1890,Brett Ogle,73.45,808,11
1993,181,0,2255,Denis Watson,73.88,591,8
1993,182,0,6034,Marco Dawson,74.0,1480,20
1993,182,0,1930,Eddie Pearce,74.0,444,6
1993,184,0,10795,Neale Smith,74.33,446,6
1993,185,0,1725,John Mahaffey,74.36,818,11
1993,186,0,10207,Jimmy Johnston,74.43,521,7
1993,187,0,1068,Andy Bean,74.56,671,9
1993,188,0,1435,Wayne Grady,74.71,523,7
1993,189,0,6691,Greg Cesario,75.17,451,6
1992,1,0,2298,Jim Woodward,68.64,755,11
1992,2,0,1331,Rick Fehr,68.82,1170,17
1992,3,0,2010,Loren Roberts,69.13,1590,23
1992,4,0,1928,Corey Pavin,69.26,1316,19
1992,5,0,2104,Jeff Sluman,69.35,1803,26
1992,6,0,1968,Nick Price,69.46,1667,24
1992,7,0,1133,Billy Ray Brown,69.6,1044,15
1992,8,0,1577,Lee Janzen,69.65,1393,20
1992,9,0,1690,Bruce Lietzke,69.69,1115,16
1992,10,0,1706,Davis Love III,69.77,1535,22
1992,11,0,2049,Gene Sauers,69.81,1117,16
1992,12,0,1701,Bob Lohr,69.87,1048,15
1992,13,0,1219,John Cook,69.89,1258,18
1992,14,0,1633,Tom Kite,69.91,1538,22
1992,15,0,1887,Mark O'Meara,69.94,1259,18
1992,16,0,1926,Steve Pate,69.96,1609,23
1992,17,0,1943,Chris Perry,70.0,700,10
1992,18,0,1129,Bill Britton,70.06,1261,18
1992,19,0,1677,Tom Lehman,70.08,1682,24
1992,20,0,6012,Greg Kraft,70.09,771,11
1992,21,0,1553,John Huston,70.14,1543,22
1992,21,0,1876,Greg Norman,70.14,982,14
1992,23,0,1072,Chip Beck,70.15,1403,20
1992,24,0,2313,Bruce Zabriski,70.17,842,12
1992,25,0,1783,Mark McCumber,70.19,1123,16
1992,26,0,6034,Marco Dawson,70.21,983,14
1992,27,0,1823,Larry Mize,70.24,1194,17
1992,28,0,1307,Joel Edwards,70.25,562,8
1992,29,0,1261,Jay Delsing,70.28,1265,18
1992,29,0,1288,Ed Dougherty,70.28,1265,18
1992,31,0,1306,David Edwards,70.29,1476,21
1992,31,0,2206,David Toms,70.29,984,14
1992,33,0,1226,Fred Couples,70.3,1406,20
1992,34,0,1444,Ken Green,70.33,1266,18
1992,34,0,2225,Howard Twitty,70.33,1055,15
1992,36,0,1435,Wayne Grady,70.36,985,14
1992,37,0,1235,Ben Crenshaw,70.37,1337,19
1992,37,0,2146,Payne Stewart,70.37,1337,19
1992,39,0,1388,Robert Gamez,70.38,915,13
1992,40,0,1557,John Inman,70.39,1267,18
1992,41,0,6072,Greg Whisman,70.4,704,10
1992,42,0,1945,Kenny Perry,70.41,1197,17
1992,43,0,6284,Jim Hallet,70.43,1479,21
1992,43,0,1996,Mike Reid,70.43,986,14
1992,45,0,1313,Steve Elkington,70.45,1409,20
1992,45,0,2322,Richard Zokol,70.45,775,11
1992,47,0,1457,Jay Haas,70.46,1691,24
1992,48,0,2279,Mark Wiebe,70.47,1198,17
1992,49,0,1361,Dan Forsman,70.48,1903,27
1992,50,0,6010,Brad Bell,70.5,423,6
1992,51,0,1385,Jim Gallagher Jr.,70.52,1763,25
1992,52,0,1489,Steve Hart,70.54,917,13
1992,53,0,1510,Nolan Henke,70.56,1129,16
1992,54,0,1203,Russ Cochran,70.58,1341,19
1992,55,0,2292,Bob Wolcott,70.6,1059,15
1992,56,0,2242,Lanny Wadkins,70.61,1271,18
1992,56,0,2267,D.A. Weibring,70.61,1271,18
1992,58,0,6124,Patrick Burke,70.65,1201,17
1992,58,0,1549,Mike Hulbert,70.65,1625,23
1992,60,0,2246,Duffy Waldorf,70.72,1273,18
1992,61,0,8277,Greg Lesher,70.73,778,11
1992,61,0,1748,Doug Martin,70.73,778,11
1992,63,0,1200,Keith Clearwater,70.77,1557,22
1992,63,0,1353,Bruce Fleisher,70.77,1557,22
1992,63,0,2131,Mike Springer,70.77,920,13
1992,66,0,6575,Dudley Hart,70.79,1345,19
1992,66,0,1771,Blaine McCallister,70.79,1345,19
1992,68,0,1533,P.H. Horgan III,70.8,708,10
1992,69,0,2303,Robert Wrenn,70.83,850,12
1992,70,0,1042,Paul Azinger,70.85,1417,20
1992,70,0,1846,Jodie Mudd,70.85,921,13
1992,72,0,1024,Billy Andrade,70.87,1063,15
1992,72,0,6040,John Ross,70.87,1063,15
1992,74,0,6150,Carl Cooper,70.88,567,8
1992,75,0,6751,Chris Tucker,70.89,638,9
1992,76,0,1378,David Frost,70.94,1135,16
1992,76,0,1682,Wayne Levi,70.94,1135,16
1992,78,0,1060,Dave Barr,70.95,1490,21
1992,78,0,6090,Jim McGovern,70.95,1348,19
1992,80,0,1766,Billy Mayfair,70.96,1632,23
1992,81,0,1098,Jay Don Blake,71.0,1065,15
1992,81,0,1249,John Daly,71.0,994,14
1992,81,0,1323,Brad Fabel,71.0,1349,19
1992,81,0,1408,Kelly Gibson,71.0,994,14
1992,81,0,1522,Lon Hinkle,71.0,781,11
1992,81,0,1755,Dick Mast,71.0,639,9
1992,81,0,1837,Gil Morgan,71.0,1349,19
1992,81,0,2002,John Riegger,71.0,710,10
1992,81,0,2090,Tom Sieckmann,71.0,1278,18
1992,81,0,2321,Fuzzy Zoeller,71.0,781,11
1992,91,0,2185,Lance Ten Broeck,71.05,1350,19
1992,92,0,2007,Larry Rinker,71.06,1208,17
1992,93,0,2099,Scott Simpson,71.07,1066,15
1992,94,0,1143,Brad Bryant,71.08,1706,24
1992,95,0,1723,Andrew Magee,71.1,1422,20
1992,96,0,6128,Steve Lamontagne,71.12,1209,17
1992,97,0,1132,Mark Brooks,71.13,1707,24
1992,97,0,1185,Brandel Chamblee,71.13,1067,15
1992,97,0,1725,John Mahaffey,71.13,569,8
1992,100,0,1390,Buddy Gardner,71.17,854,12
1992,100,0,2226,Tray Tyner,71.17,427,6
1992,102,0,1006,John Adams,71.18,1210,17
1992,102,0,1958,Dan Pohl,71.18,783,11
1992,104,0,1142,Bart Bryant,71.2,712,10
1992,105,0,1168,David Canipe,71.22,641,9
1992,106,0,2190,Doug Tewell,71.27,1069,15
1992,107,0,1550,Ed Humenik,71.28,1283,18
1992,108,0,1139,Olin Browne,71.29,998,14
1992,108,0,1938,David Peoples,71.29,1497,21
1992,108,0,2111,Mike Smith,71.29,1497,21
1992,111,0,1157,Tom Byrum,71.3,713,10
1992,112,0,1014,Fulton Allem,71.33,1498,21
1992,112,0,1040,Emlyn Aubrey,71.33,642,9
1992,114,0,1329,Brad Faxon,71.37,1356,19
1992,115,0,1527,Scott Hoch,71.38,928,13
1992,115,0,1946,Peter Persons,71.38,1499,21
1992,117,0,1381,Fred Funk,71.39,1642,23
1992,118,0,1355,Raymond Floyd,71.4,1071,15
1992,119,0,2133,Craig Stadler,71.41,1214,17
1992,120,0,6048,Dicky Thompson,71.44,643,9
1992,121,0,2100,Tim Simpson,71.45,786,11
1992,122,0,1414,Bob Gilder,71.47,1215,17
1992,122,0,1724,Jeff Maggert,71.47,1358,19
1992,124,0,6044,Scott Gump,71.48,1644,23
1992,124,0,2101,Joey Sindelar,71.48,1501,21
1992,126,0,8537,J.P. Hayes,71.5,715,10
1992,126,0,2201,Jim Thorpe,71.5,429,6
1992,128,0,2159,Curtis Strange,71.54,930,13
1992,129,0,1196,Brian Claar,71.55,1431,20
1992,130,0,1475,Donnie Hammond,71.58,859,12
1992,131,0,1320,Bob Estes,71.59,1217,17
1992,132,0,6599,John Elliott,71.6,358,5
1992,133,0,7569,Mark Carnevale,71.64,1003,14
1992,134,0,6332,Neal Lancaster,71.65,1648,23
1992,135,0,1418,Bill Glasson,71.7,717,10
1992,136,0,1376,Bob Friend,71.72,1291,18
1992,137,0,1181,Jon Chaffee,71.75,287,4
1992,137,0,1797,Rocco Mediate,71.75,1148,16
1992,139,0,1569,Peter Jacobsen,71.83,1293,18
1992,140,0,1469,Dan Halldorson,71.92,935,13
1992,140,0,1960,Don Pooley,71.92,863,12
1992,142,0,2135,Mike Standly,71.95,1511,21
1992,143,0,2067,Ted Schulz,71.96,1655,23
1992,144,0,1093,Ronnie Black,72.0,1368,19
1992,144,0,1975,Tom Purtzer,72.0,1152,16
1992,144,0,6132,Sonny Skinner,72.0,648,9
1992,144,0,2311,Kim Young,72.0,720,10
1992,148,0,2223,Bob Tway,72.08,865,12
1992,149,0,2033,Dave Rummells,72.12,1226,17
1992,150,0,2167,Mike Sullivan,72.15,938,13
1992,151,0,1284,Mike Donald,72.16,1371,19
1992,152,0,1736,Roger Maltbie,72.18,794,11
1992,152,0,1971,Dillard Pruitt,72.18,1227,17
1992,154,0,2094,Tony Sills,72.2,361,5
1992,155,0,1468,Gary Hallberg,72.25,1156,16
1992,156,0,1035,Tommy Armour III,72.27,795,11
1992,157,0,1374,Robin Freeman,72.3,723,10
1992,158,0,1096,Phil Blackmar,72.35,1230,17
1992,159,0,1161,Mark Calcavecchia,72.38,1520,21
1992,159,0,2170,Hal Sutton,72.38,579,8
1992,161,0,1049,Ian Baker-Finch,72.42,869,12
1992,162,0,1346,Ed Fiori,72.5,1305,18
1992,162,0,2195,Leonard Thompson,72.5,580,8
1992,162,0,2224,Greg Twiggs,72.5,725,10
1992,165,0,1559,Hale Irwin,72.54,943,13
1992,166,0,6142,Mitch Adcock,72.55,798,11
1992,167,0,2095,Larry Silveira,72.56,653,9
1992,168,0,1214,Frank Conner,72.58,871,12
1992,169,0,1239,Michael Cunning,72.64,799,11
1992,169,0,1891,David Ogrin,72.64,799,11
1992,171,0,1458,Jerry Haas,72.7,727,10
1992,172,0,1978,Fran Quinn,72.83,437,6
1992,173,0,2214,Kirk Triplett,72.89,656,9
1992,174,0,1495,Morris Hatalsky,72.9,729,10
1992,175,0,1443,Hubert Green,73.0,292,4
1992,175,0,6122,Greg Hickman,73.0,511,7
1992,175,0,2041,Bill Sander,73.0,511,7
1992,178,0,2063,Dave Schreyer,73.33,220,3
1992,179,0,1023,Jerry Anderson,73.38,587,8
1992,180,0,2230,Stan Utley,73.8,369,5
1992,181,0,1934,Dave Peege,74.0,518,7
1992,181,0,6383,E.J. Pfister,74.0,444,6
1992,183,0,1639,Kenny Knox,74.25,594,8
1991,1,36,1098,Jay Don Blake,69.87,1607,23
1991,2,36,1887,Mark O'Meara,70.0,1050,15
1991,2,36,2239,Scott Verplank,70.0,70,1
1991,4,44,1129,Bill Britton,70.17,1263,18
1991,5,44,2321,Fuzzy Zoeller,70.18,772,11
1991,6,44,1457,Jay Haas,70.24,1194,17
1991,7,46,2033,Dave Rummells,70.35,1407,20
1991,8,46,1527,Scott Hoch,70.38,1830,26
1991,9,46,1928,Corey Pavin,70.42,1690,24
1991,10,46,1553,John Huston,70.45,1550,22
1991,10,46,2256,Tom Watson,70.45,775,11
1991,12,46,1151,Clark Burroughs,70.5,423,6
1991,12,46,1355,Raymond Floyd,70.5,987,14
1991,12,46,2146,Payne Stewart,70.5,1128,16
1991,15,47,1958,Dan Pohl,70.53,1058,15
1991,16,47,1093,Ronnie Black,70.57,988,14
1991,16,47,2099,Scott Simpson,70.57,988,14
1991,18,47,2111,Mike Smith,70.58,1341,19
1991,19,47,1040,Emlyn Aubrey,70.6,1412,20
1991,20,47,1414,Bob Gilder,70.62,918,13
1991,21,47,1790,Pat McGowan,70.63,565,8
1991,22,48,1577,Lee Janzen,70.64,1554,22
1991,22,48,1926,Steve Pate,70.64,1554,22
1991,24,48,1306,David Edwards,70.65,1413,20
1991,24,48,2067,Ted Schulz,70.65,1201,17
1991,26,48,1320,Bob Estes,70.67,1272,18
1991,26,48,1968,Nick Price,70.67,1272,18
1991,28,49,1307,Joel Edwards,70.69,919,13
1991,28,49,2201,Jim Thorpe,70.69,919,13
1991,30,49,1203,Russ Cochran,70.7,1414,20
1991,30,49,1235,Ben Crenshaw,70.7,707,10
1991,32,49,1072,Chip Beck,70.71,1485,21
1991,32,49,1346,Ed Fiori,70.71,1485,21
1991,34,49,2131,Mike Springer,70.75,1132,16
1991,35,49,2257,Brian Watts,70.8,708,10
1991,36,49,1837,Gil Morgan,70.81,1133,16
1991,37,49,2104,Jeff Sluman,70.83,1700,24
1991,38,50,1219,John Cook,70.86,1488,21
1991,39,50,2010,Loren Roberts,70.87,1630,23
1991,40,50,1385,Jim Gallagher Jr.,70.88,1701,24
1991,40,50,1458,Jerry Haas,70.88,1205,17
1991,42,51,1024,Billy Andrade,70.89,1347,19
1991,43,51,1201,Lennie Clements,70.9,709,10
1991,43,51,2054,Ken Schall,70.9,709,10
1991,45,51,1096,Phil Blackmar,70.92,922,13
1991,46,51,1329,Brad Faxon,70.95,1561,22
1991,46,51,1706,Davis Love III,70.95,1561,22
1991,46,51,2241,Bobby Wadkins,70.95,1419,20
1991,49,51,1682,Wayne Levi,71.0,852,12
1991,49,51,1975,Tom Purtzer,71.0,1349,19
1991,49,51,1984,Sam Randolph,71.0,639,9
1991,49,51,2267,D.A. Weibring,71.0,1349,19
1991,49,51,2311,Kim Young,71.0,284,4
1991,54,59,1049,Ian Baker-Finch,71.06,1279,18
1991,54,59,1323,Brad Fabel,71.06,1137,16
1991,54,59,6575,Dudley Hart,71.06,1137,16
1991,54,59,2049,Gene Sauers,71.06,1137,16
1991,54,59,2303,Robert Wrenn,71.06,1137,16
1991,59,59,1261,Jay Delsing,71.07,1066,15
1991,59,59,2133,Craig Stadler,71.07,1066,15
1991,61,59,1068,Andy Bean,71.08,924,13
1991,61,59,6034,Marco Dawson,71.08,853,12
1991,61,59,1639,Kenny Knox,71.08,1777,25
1991,61,59,2007,Larry Rinker,71.08,924,13
1991,65,59,2225,Howard Twitty,71.1,1493,21
1991,66,59,1060,Dave Barr,71.12,1209,17
1991,67,59,1078,Jim Benepe,71.13,569,8
1991,67,59,2090,Tom Sieckmann,71.13,1067,15
1991,67,59,2170,Hal Sutton,71.13,1636,23
1991,70,59,1510,Nolan Henke,71.15,1423,20
1991,71,59,6332,Neal Lancaster,71.19,1495,21
1991,71,59,1690,Bruce Lietzke,71.19,1139,16
1991,71,59,1724,Jeff Maggert,71.19,1139,16
1991,74,60,2223,Bob Tway,71.21,997,14
1991,74,60,2246,Duffy Waldorf,71.21,1353,19
1991,76,60,2322,Richard Zokol,71.22,641,9
1991,77,60,1390,Buddy Gardner,71.23,1567,22
1991,77,60,6072,Greg Whisman,71.23,926,13
1991,79,60,1468,Gary Hallberg,71.24,1211,17
1991,79,60,1938,David Peoples,71.24,1496,21
1991,81,60,6010,Brad Bell,71.25,285,4
1991,81,60,1161,Mark Calcavecchia,71.25,1140,16
1991,81,60,2196,Robert Thompson,71.25,285,4
1991,84,60,1599,Steve Jones,71.28,1283,18
1991,84,60,1797,Rocco Mediate,71.28,1283,18
1991,86,60,1313,Steve Elkington,71.29,1212,17
1991,87,60,2095,Larry Silveira,71.3,713,10
1991,88,60,1633,Tom Kite,71.32,1355,19
1991,89,60,1715,Mark Lye,71.33,1284,18
1991,90,60,1771,Blaine McCallister,71.36,1570,22
1991,91,61,2214,Kirk Triplett,71.39,1285,18
1991,92,61,1006,John Adams,71.4,1071,15
1991,92,61,1197,Bobby Clampett,71.4,714,10
1991,94,62,1549,Mike Hulbert,71.42,1714,24
1991,95,62,1469,Dan Halldorson,71.44,1143,16
1991,95,62,1835,Tommy Moore,71.44,643,9
1991,97,62,2242,Lanny Wadkins,71.47,1358,19
1991,98,64,2298,Jim Woodward,71.55,787,11
1991,99,64,1378,David Frost,71.56,1288,18
1991,100,64,1196,Brian Claar,71.57,1503,21
1991,101,64,1039,Perry Arthur,71.6,716,10
1991,101,64,1766,Billy Mayfair,71.6,1432,20
1991,103,64,1823,Larry Mize,71.62,1504,21
1991,104,64,1132,Mark Brooks,71.65,1648,23
1991,104,64,1288,Ed Dougherty,71.65,1433,20
1991,104,64,6044,Scott Gump,71.65,1218,17
1991,104,64,1971,Dillard Pruitt,71.65,1218,17
1991,108,64,1361,Dan Forsman,71.67,1290,18
1991,108,64,1444,Ken Green,71.67,1290,18
1991,108,64,1723,Andrew Magee,71.67,1290,18
1991,111,64,2135,Mike Standly,71.69,932,13
1991,112,64,6006,JC Anderson,71.71,502,7
1991,112,64,1559,Hale Irwin,71.71,1004,14
1991,112,64,1996,Mike Reid,71.71,1004,14
1991,115,64,2185,Lance Ten Broeck,71.73,789,11
1991,116,64,1736,Roger Maltbie,71.75,574,8
1991,116,64,6571,Bryan Norton,71.75,574,8
1991,118,64,1569,Peter Jacobsen,71.77,933,13
1991,119,64,1266,Clark Dennis,71.8,718,10
1991,120,64,2195,Leonard Thompson,71.83,862,12
1991,121,64,6197,Michael Allen,71.86,1006,14
1991,122,65,1143,Brad Bryant,71.88,575,8
1991,123,65,1042,Paul Azinger,71.89,1294,18
1991,123,65,2101,Joey Sindelar,71.89,1294,18
1991,125,65,2041,Bill Sander,71.9,719,10
1991,125,65,2224,Greg Twiggs,71.9,719,10
1991,127,65,1388,Robert Gamez,71.92,935,13
1991,128,65,1701,Bob Lohr,71.93,1007,14
1991,129,65,6118,Greg Bruckner,71.94,1223,17
1991,129,65,2100,Tim Simpson,71.94,1151,16
1991,131,65,1226,Fred Couples,71.95,1439,20
1991,132,65,1200,Keith Clearwater,71.96,1655,23
1991,133,65,2159,Curtis Strange,72.0,936,13
1991,134,79,1331,Rick Fehr,72.07,1009,14
1991,134,79,1876,Greg Norman,72.07,1081,15
1991,134,79,2279,Mark Wiebe,72.07,1009,14
1991,137,79,6048,Dicky Thompson,72.08,865,12
1991,138,79,1607,Brian Kamm,72.1,721,10
1991,139,79,1142,Bart Bryant,72.13,1154,16
1991,139,79,6284,Jim Hallet,72.13,1659,23
1991,141,79,1946,Peter Persons,72.15,1443,20
1991,141,79,2186,Brian Tennyson,72.15,938,13
1991,143,81,1783,Mark McCumber,72.19,1155,16
1991,144,81,1249,John Daly,72.2,1444,20
1991,144,81,1282,Trevor Dodds,72.2,1083,15
1991,146,81,2190,Doug Tewell,72.25,867,12
1991,147,81,1156,Curt Byrum,72.28,1301,18
1991,148,81,1168,David Canipe,72.29,1012,14
1991,148,81,1499,Mark Hayes,72.29,506,7
1991,148,81,1550,Ed Humenik,72.29,1012,14
1991,151,82,1662,Greg Ladehoff,72.3,723,10
1991,152,82,1185,Brandel Chamblee,72.33,868,12
1991,152,82,1191,Barry Cheesman,72.33,434,6
1991,154,82,1112,Charlie Bowles,72.36,796,11
1991,154,82,1475,Donnie Hammond,72.36,1013,14
1991,156,82,6573,Brandt Jobe,72.4,362,5
1991,157,82,6577,John Wilson,72.42,869,12
1991,158,82,1157,Tom Byrum,72.5,1160,16
1991,158,82,1495,Morris Hatalsky,72.5,1015,14
1991,158,82,1945,Kenny Perry,72.5,1160,16
1991,161,84,1943,Chris Perry,72.61,1307,18
1991,162,84,1557,John Inman,72.65,1235,17
1991,163,84,1133,Billy Ray Brown,72.67,1308,18
1991,164,86,1014,Fulton Allem,72.69,945,13
1991,164,86,1725,John Mahaffey,72.69,945,13
1991,166,86,1381,Fred Funk,72.76,1237,17
1991,167,86,1435,Wayne Grady,72.77,946,13
1991,167,86,2292,Bob Wolcott,72.77,1601,22
1991,169,86,1846,Jodie Mudd,72.91,802,11
1991,170,86,1035,Tommy Armour III,73.0,1022,14
1991,170,86,1755,Dick Mast,73.0,511,7
1991,172,95,1284,Mike Donald,73.06,1315,18
1991,173,95,6140,Sean Murphy,73.11,658,9
1991,174,95,1106,Jim Booros,73.13,1170,16
1991,175,95,2148,Ray Stewart,73.2,1098,15
1991,176,96,2023,Clarence Rose,73.25,293,4
1991,176,96,2294,Willie Wood,73.25,879,12
1991,178,96,2167,Mike Sullivan,73.27,1099,15
1991,179,96,1154,Bill Buttner,73.36,807,11
1991,179,96,6090,Jim McGovern,73.36,1027,14
1991,181,96,2230,Stan Utley,73.38,954,13
1991,182,108,6581,David Sutherland,74.09,815,11
1991,183,108,6150,Carl Cooper,74.11,667,9
1991,183,108,1626,Karl Kimball,74.11,667,9
1991,185,108,6016,Brad Lardon,74.13,593,8
1991,186,108,1303,Bob Eastwood,74.3,743,10
1991,187,108,6579,Craig Rudolph,74.43,521,7
1991,188,113,2255,Denis Watson,75.14,526,7
1991,189,113,1878,Andy North,75.2,376,5
1990,1,0,6124,Patrick Burke,68.33,205,3
1990,2,0,1876,Greg Norman,68.67,1030,15
1990,3,0,1599,Steve Jones,69.43,972,14
1990,4,0,1049,Ian Baker-Finch,69.83,1257,18
1990,5,0,1381,Fred Funk,69.85,908,13
1990,6,0,1766,Billy Mayfair,69.87,1607,23
1990,7,0,1203,Russ Cochran,69.88,1188,17
1990,8,0,1823,Larry Mize,69.9,1398,20
1990,9,0,2049,Gene Sauers,70.05,1471,21
1990,10,0,1306,David Edwards,70.08,911,13
1990,11,0,1042,Paul Azinger,70.09,1542,22
1990,12,0,1837,Gil Morgan,70.11,1262,18
1990,13,0,1690,Bruce Lietzke,70.13,1052,15
1990,14,0,1288,Ed Dougherty,70.25,843,12
1990,14,0,1510,Nolan Henke,70.25,1124,16
1990,16,0,1129,Bill Britton,70.26,1335,19
1990,17,0,1771,Blaine McCallister,70.29,1195,17
1990,18,0,6130,Jeffrey Wilson,70.3,703,10
1990,19,0,1945,Kenny Perry,70.31,1125,16
1990,20,0,6332,Neal Lancaster,70.36,774,11
1990,20,0,1971,Dillard Pruitt,70.36,774,11
1990,22,0,1096,Phil Blackmar,70.4,1056,15
1990,22,0,1835,Tommy Moore,70.4,704,10
1990,24,0,1006,John Adams,70.42,845,12
1990,25,0,1633,Tom Kite,70.43,1479,21
1990,26,0,1321,Tom Eubank,70.5,423,6
1990,26,0,1725,John Mahaffey,70.5,1410,20
1990,26,0,2170,Hal Sutton,70.5,1269,18
1990,29,0,1266,Clark Dennis,70.55,776,11
1990,30,0,1161,Mark Calcavecchia,70.62,1483,21
1990,30,0,1926,Steve Pate,70.62,1483,21
1990,30,0,2010,Loren Roberts,70.62,1836,26
1990,33,0,2100,Tim Simpson,70.67,1484,21
1990,34,0,2214,Kirk Triplett,70.69,919,13
1990,35,0,1887,Mark O'Meara,70.74,1344,19
1990,36,0,1323,Brad Fabel,70.76,1203,17
1990,36,0,2041,Bill Sander,70.76,1486,21
1990,38,0,2033,Dave Rummells,70.77,920,13
1990,39,0,1133,Billy Ray Brown,70.81,1133,16
1990,40,0,1068,Andy Bean,70.82,779,11
1990,40,0,1468,Gary Hallberg,70.82,779,11
1990,42,0,1527,Scott Hoch,70.83,1275,18
1990,43,0,1078,Jim Benepe,70.85,921,13
1990,44,0,2167,Mike Sullivan,70.87,1063,15
1990,45,0,1143,Brad Bryant,70.93,1064,15
1990,45,0,1975,Tom Purtzer,70.93,993,14
1990,47,0,1320,Bob Estes,70.94,1277,18
1990,47,0,2201,Jim Thorpe,70.94,1135,16
1990,47,0,2242,Lanny Wadkins,70.94,1277,18
1990,50,0,2186,Brian Tennyson,70.95,1348,19
1990,51,0,1706,Davis Love III,71.0,1349,19
1990,51,0,1943,Chris Perry,71.0,1349,19
1990,51,0,2267,D.A. Weibring,71.0,852,12
1990,54,0,1968,Nick Price,71.05,1563,22
1990,55,0,1235,Ben Crenshaw,71.07,995,14
1990,55,0,1388,Robert Gamez,71.07,1066,15
1990,57,0,1499,Mark Hayes,71.08,853,12
1990,58,0,1035,Tommy Armour III,71.13,1138,16
1990,59,0,1507,Webb Heintzelman,71.14,996,14
1990,60,0,1475,Donnie Hammond,71.15,925,13
1990,61,0,1715,Mark Lye,71.16,1352,19
1990,62,0,1361,Dan Forsman,71.17,1281,18
1990,63,0,1333,Jack Ferenz,71.2,356,5
1990,64,0,1024,Billy Andrade,71.21,1709,24
1990,64,0,2101,Joey Sindelar,71.21,997,14
1990,64,0,2303,Robert Wrenn,71.21,1353,19
1990,67,0,2322,Richard Zokol,71.23,926,13
1990,68,0,2159,Curtis Strange,71.24,1211,17
1990,69,0,1201,Lennie Clements,71.25,855,12
1990,70,0,1219,John Cook,71.3,1426,20
1990,70,0,2279,Mark Wiebe,71.3,1426,20
1990,72,0,1435,Wayne Grady,71.32,1355,19
1990,73,0,1639,Kenny Knox,71.33,1284,18
1990,74,0,1378,David Frost,71.4,1071,15
1990,74,0,1878,Andy North,71.4,714,10
1990,76,0,2256,Tom Watson,71.42,857,12
1990,77,0,1313,Steve Elkington,71.43,1643,23
1990,78,0,1571,Barry Jaeckel,71.44,643,9
1990,79,0,1390,Buddy Gardner,71.48,1501,21
1990,80,0,6144,John Dowdall,71.5,429,6
1990,80,0,6140,Sean Murphy,71.5,429,6
1990,82,0,1577,Lee Janzen,71.53,1359,19
1990,83,0,1385,Jim Gallagher Jr.,71.54,1717,24
1990,84,0,1346,Ed Fiori,71.55,1574,22
1990,84,0,1418,Bill Glasson,71.55,787,11
1990,86,0,1150,George Burns,71.56,1288,18
1990,87,0,2292,Bob Wolcott,71.57,1002,14
1990,88,0,2146,Payne Stewart,71.59,1575,22
1990,89,0,6118,Greg Bruckner,71.6,1074,15
1990,89,0,1569,Peter Jacobsen,71.6,1432,20
1990,91,0,1157,Tom Byrum,71.62,931,13
1990,92,0,2298,Jim Woodward,71.63,573,8
1990,93,0,1168,David Canipe,71.64,1003,14
1990,93,0,1533,P.H. Horgan III,71.64,1003,14
1990,93,0,1559,Hale Irwin,71.64,1003,14
1990,96,0,1106,Jim Booros,71.69,932,13
1990,96,0,1154,Bill Buttner,71.69,932,13
1990,96,0,1682,Wayne Levi,71.69,932,13
1990,96,0,2321,Fuzzy Zoeller,71.69,932,13
1990,100,0,6142,Mitch Adcock,71.7,717,10
1990,100,0,2241,Bobby Wadkins,71.7,1649,23
1990,102,0,6136,Mike Schuchart,71.71,502,7
1990,102,0,2185,Lance Ten Broeck,71.71,1004,14
1990,104,0,1938,David Peoples,71.72,1793,25
1990,105,0,1072,Chip Beck,71.74,1363,19
1990,106,0,2225,Howard Twitty,71.75,1148,16
1990,107,0,1891,David Ogrin,71.78,646,9
1990,108,0,2095,Larry Silveira,71.79,1005,14
1990,109,0,1723,Andrew Magee,71.81,1508,21
1990,110,0,2239,Scott Verplank,71.82,1221,17
1990,111,0,1846,Jodie Mudd,71.83,1293,18
1990,111,0,2067,Ted Schulz,71.83,1724,24
1990,113,0,2190,Doug Tewell,71.86,1006,14
1990,114,0,2133,Craig Stadler,71.87,1078,15
1990,115,0,1226,Fred Couples,71.88,1222,17
1990,115,0,1284,Mike Donald,71.88,1725,24
1990,115,0,1444,Ken Green,71.88,1222,17
1990,115,0,2094,Tony Sills,71.88,575,8
1990,119,0,2230,Stan Utley,71.89,1366,19
1990,120,0,1641,Gary Koch,71.9,719,10
1990,121,0,1355,Raymond Floyd,71.91,791,11
1990,122,0,1156,Curt Byrum,71.93,1079,15
1990,123,0,2223,Bob Tway,71.95,1367,19
1990,124,0,1132,Mark Brooks,72.0,1656,23
1990,124,0,1329,Brad Faxon,72.0,1152,16
1990,124,0,6284,Jim Hallet,72.0,1584,22
1990,124,0,6122,Greg Hickman,72.0,504,7
1990,124,0,2180,Harry Taylor,72.0,792,11
1990,124,0,2195,Leonard Thompson,72.0,1080,15
1990,130,0,1928,Corey Pavin,72.04,1801,25
1990,131,0,1098,Jay Don Blake,72.06,1153,16
1990,132,0,1307,Joel Edwards,72.09,793,11
1990,133,0,2294,Willie Wood,72.1,721,10
1990,134,0,1457,Jay Haas,72.12,1226,17
1990,135,0,6128,Steve Lamontagne,72.13,1082,15
1990,136,0,1060,Dave Barr,72.14,1587,22
1990,137,0,1701,Bob Lohr,72.16,1371,19
1990,138,0,1175,Jim Carter,72.17,866,12
1990,138,0,2087,Don Shirey Jr.,72.17,866,12
1990,140,0,1960,Don Pooley,72.21,1011,14
1990,141,0,1196,Brian Claar,72.22,1300,18
1990,141,0,1197,Bobby Clampett,72.22,650,9
1990,143,0,1458,Jerry Haas,72.23,939,13
1990,144,0,1489,Steve Hart,72.25,578,8
1990,144,0,1495,Morris Hatalsky,72.25,1156,16
1990,146,0,1549,Mike Hulbert,72.27,1879,26
1990,147,0,2007,Larry Rinker,72.28,1301,18
1990,148,0,1014,Fulton Allem,72.29,1012,14
1990,149,0,1261,Jay Delsing,72.3,1446,20
1990,150,0,6197,Michael Allen,72.31,1157,16
1990,151,0,1783,Mark McCumber,72.32,1374,19
1990,151,0,2104,Jeff Sluman,72.32,1591,22
1990,153,0,2099,Scott Simpson,72.33,868,12
1990,154,0,2090,Tom Sieckmann,72.35,1230,17
1990,154,0,2111,Mike Smith,72.35,1230,17
1990,156,0,1469,Dan Halldorson,72.38,579,8
1990,157,0,2118,J.C. Snead,72.43,1014,14
1990,158,0,1557,John Inman,72.44,1304,18
1990,159,0,1151,Clark Burroughs,72.47,1377,19
1990,159,0,1303,Bob Eastwood,72.47,1087,15
1990,161,0,1040,Emlyn Aubrey,72.53,1378,19
1990,162,0,1037,Dewey Arnette,72.57,508,7
1990,162,0,1996,Mike Reid,72.57,1016,14
1990,164,0,2148,Ray Stewart,72.67,1308,18
1990,165,0,1487,Jeff Hart,72.69,1163,16
1990,165,0,2246,Duffy Waldorf,72.69,1163,16
1990,167,0,2215,Paul Trittler,72.71,1018,14
1990,168,0,1797,Rocco Mediate,72.75,1164,16
1990,169,0,1414,Bob Gilder,72.79,1019,14
1990,170,0,1093,Ronnie Black,72.82,801,11
1990,171,0,2224,Greg Twiggs,72.83,874,12
1990,172,0,1941,Tom Pernice Jr.,72.86,510,7
1990,173,0,2023,Clarence Rose,72.88,583,8
1990,174,0,1310,Dave Eichelberger,72.93,1094,15
1990,175,0,1935,Calvin Peete,73.0,438,6
1990,175,0,1946,Peter Persons,73.0,1241,17
1990,175,0,6425,Rick Todd,73.0,146,2
1990,178,0,1331,Rick Fehr,73.06,1242,17
1990,179,0,1790,Pat McGowan,73.08,877,12
1990,180,0,1522,Lon Hinkle,73.13,585,8
1990,180,0,1553,John Huston,73.13,1097,15
1990,182,0,1443,Hubert Green,73.2,732,10
1990,183,0,1200,Keith Clearwater,73.38,954,13
1990,184,0,6150,Carl Cooper,73.4,367,5
1990,185,0,1925,Jerry Pate,73.56,662,9
1990,186,0,1607,Brian Kamm,73.6,368,5
1990,187,0,6132,Sonny Skinner,73.73,811,11
1990,188,0,2245,Grant Waite,74.0,740,10
1990,189,0,6148,Dennis Harrington,74.2,742,10
1990,190,0,1736,Roger Maltbie,74.46,968,13
1990,191,0,1023,Jerry Anderson,74.83,449,6
1990,192,0,1061,Ray Barr Jr.,76.0,380,5
1989,1,17,1685,J.L. Lewis,69.25,277,4
1989,2,19,1887,Mark O'Meara,69.37,1318,19
1989,3,20,2201,Jim Thorpe,69.55,765,11
1989,4,20,1938,David Peoples,69.58,835,12
1989,4,20,2146,Payne Stewart,69.58,1322,19
1989,6,21,1571,Barry Jaeckel,69.64,766,11
1989,7,21,1042,Paul Azinger,69.67,1463,21
1989,7,21,1510,Nolan Henke,69.67,836,12
1989,9,22,1771,Blaine McCallister,69.7,1394,20
1989,10,23,1837,Gil Morgan,69.78,1256,18
1989,11,24,1418,Bill Glasson,70.0,1260,18
1989,11,24,1984,Sam Randolph,70.0,420,6
1989,11,24,2279,Mark Wiebe,70.0,1400,20
1989,14,33,2159,Curtis Strange,70.05,1331,19
1989,15,33,2170,Hal Sutton,70.1,1402,20
1989,16,33,2100,Tim Simpson,70.12,1753,25
1989,17,33,2033,Dave Rummells,70.14,1473,21
1989,18,33,1941,Tom Pernice Jr.,70.2,702,10
1989,18,33,2101,Joey Sindelar,70.2,1404,20
1989,20,33,1072,Chip Beck,70.24,1194,17
1989,21,34,1282,Trevor Dodds,70.27,773,11
1989,21,34,1945,Kenny Perry,70.27,1054,15
1989,23,34,1549,Mike Hulbert,70.28,1757,25
1989,24,34,1715,Mark Lye,70.29,1195,17
1989,24,34,1926,Steve Pate,70.29,1687,24
1989,26,34,1261,Jay Delsing,70.3,703,10
1989,26,34,1599,Steve Jones,70.3,1406,20
1989,28,34,1201,Lennie Clements,70.38,915,13
1989,29,34,1931,Rick Pearson,70.4,704,10
1989,30,34,1049,Ian Baker-Finch,70.42,845,12
1989,31,34,1203,Russ Cochran,70.44,1127,16
1989,31,34,1374,Robin Freeman,70.44,634,9
1989,31,34,1487,Jeff Hart,70.44,634,9
1989,34,34,1320,Bob Estes,70.46,916,13
1989,35,34,1006,John Adams,70.5,987,14
1989,35,34,1457,Jay Haas,70.5,1128,16
1989,35,34,2087,Don Shirey Jr.,70.5,1128,16
1989,35,34,2242,Lanny Wadkins,70.5,1128,16
1989,35,34,2292,Bob Wolcott,70.5,564,8
1989,40,36,1156,Curt Byrum,70.53,1058,15
1989,40,36,1706,Davis Love III,70.53,1199,17
1989,42,36,1313,Steve Elkington,70.55,1411,20
1989,43,36,1175,Jim Carter,70.57,1482,21
1989,44,36,1133,Billy Ray Brown,70.58,1341,19
1989,45,36,2185,Lance Ten Broeck,70.62,918,13
1989,46,36,2303,Robert Wrenn,70.65,1201,17
1989,47,36,1162,Rex Caldwell,70.67,636,9
1989,47,36,1378,David Frost,70.67,1484,21
1989,47,36,1385,Jim Gallagher Jr.,70.67,1696,24
1989,47,36,1614,Jack Kay Jr.,70.67,636,9
1989,47,36,2186,Brian Tennyson,70.67,1484,21
1989,52,38,1331,Rick Fehr,70.69,1131,16
1989,53,39,1960,Don Pooley,70.73,1061,15
1989,54,39,1226,Fred Couples,70.76,1486,21
1989,55,39,1096,Phil Blackmar,70.8,1062,15
1989,56,39,1968,Nick Price,70.81,1487,21
1989,57,39,1690,Bruce Lietzke,70.82,1204,17
1989,58,39,1736,Roger Maltbie,70.86,992,14
1989,59,39,1014,Fulton Allem,70.89,1276,18
1989,59,39,1161,Mark Calcavecchia,70.89,1276,18
1989,59,39,1717,Sandy Lyle,70.89,638,9
1989,62,39,1068,Andy Bean,70.92,922,13
1989,62,39,1323,Brad Fabel,70.92,922,13
1989,64,39,1876,Greg Norman,70.93,1064,15
1989,65,39,1381,Fred Funk,70.94,1135,16
1989,65,39,1682,Wayne Levi,70.94,1206,17
1989,67,39,1129,Bill Britton,71.0,1633,23
1989,67,39,1522,Lon Hinkle,71.0,1207,17
1989,67,39,1633,Tom Kite,71.0,1562,22
1989,67,39,1766,Billy Mayfair,71.0,1207,17
1989,67,39,1952,Billy Pierot,71.0,639,9
1989,72,48,1346,Ed Fiori,71.05,1563,22
1989,73,48,1098,Jay Don Blake,71.06,1137,16
1989,74,48,1132,Mark Brooks,71.07,995,14
1989,74,48,2104,Jeff Sluman,71.07,995,14
1989,76,48,1559,Hale Irwin,71.08,924,13
1989,77,48,1248,Rick Dalpos,71.09,782,11
1989,77,48,1489,Steve Hart,71.09,782,11
1989,77,48,1797,Rocco Mediate,71.09,1635,23
1989,80,48,1035,Tommy Armour III,71.1,1493,21
1989,81,48,2133,Craig Stadler,71.11,1351,19
1989,82,48,1061,Ray Barr Jr.,71.14,498,7
1989,82,48,1891,David Ogrin,71.14,1494,21
1989,84,48,1725,John Mahaffey,71.17,1637,23
1989,84,48,1943,Chris Perry,71.17,1637,23
1989,86,48,1928,Corey Pavin,71.18,1566,22
1989,87,48,6284,Jim Hallet,71.19,1495,21
1989,88,49,1361,Dan Forsman,71.21,997,14
1989,88,49,1507,Webb Heintzelman,71.21,1353,19
1989,90,49,1773,Ronnie McCann,71.22,641,9
1989,91,49,1306,David Edwards,71.24,1211,17
1989,92,49,1024,Billy Andrade,71.25,1140,16
1989,93,49,1790,Pat McGowan,71.26,1354,19
1989,93,49,1846,Jodie Mudd,71.26,1354,19
1989,95,49,1390,Buddy Gardner,71.27,1568,22
1989,95,49,2241,Bobby Wadkins,71.27,1568,22
1989,95,49,2246,Duffy Waldorf,71.27,1069,15
1989,98,49,1143,Brad Bryant,71.29,1497,21
1989,98,49,1326,Nick Faldo,71.29,998,14
1989,100,49,1106,Jim Booros,71.31,1141,16
1989,101,49,1033,George Archer,71.33,856,12
1989,101,49,1527,Scott Hoch,71.33,1498,21
1989,101,49,1626,Karl Kimball,71.33,214,3
1989,104,49,2010,Loren Roberts,71.36,1998,28
1989,105,49,1641,Gary Koch,71.4,714,10
1989,106,49,1975,Tom Purtzer,71.43,1000,14
1989,107,50,1414,Bob Gilder,71.44,1143,16
1989,108,50,1569,Peter Jacobsen,71.47,1358,19
1989,109,50,1197,Bobby Clampett,71.5,1001,14
1989,109,50,1284,Mike Donald,71.5,1716,24
1989,109,50,1303,Bob Eastwood,71.5,858,12
1989,109,50,2256,Tom Watson,71.5,858,12
1989,113,55,1435,Wayne Grady,71.53,1073,15
1989,114,55,1030,Isao Aoki,71.56,644,9
1989,114,55,2049,Gene Sauers,71.56,1288,18
1989,116,55,1639,Kenny Knox,71.57,1646,23
1989,117,55,2223,Bob Tway,71.58,1360,19
1989,118,55,1783,Mark McCumber,71.6,1074,15
1989,118,55,1884,Mac O'Grady,71.6,358,5
1989,118,55,1958,Dan Pohl,71.6,1074,15
1989,118,55,2196,Robert Thompson,71.6,716,10
1989,122,57,1329,Brad Faxon,71.63,1361,19
1989,123,57,1355,Raymond Floyd,71.64,788,11
1989,123,57,2222,Billy Tuten,71.64,788,11
1989,123,57,2321,Fuzzy Zoeller,71.64,1003,14
1989,126,57,2118,J.C. Snead,71.65,1218,17
1989,127,57,1086,Roy Biancalana,71.67,645,9
1989,128,58,1157,Tom Byrum,71.71,1219,17
1989,128,58,1996,Mike Reid,71.71,1219,17
1989,130,58,1168,David Canipe,71.73,1076,15
1989,131,58,2067,Ted Schulz,71.74,1650,23
1989,132,58,1443,Hubert Green,71.75,1148,16
1989,132,58,2195,Leonard Thompson,71.75,1148,16
1989,134,58,1235,Ben Crenshaw,71.76,1220,17
1989,134,58,2041,Bill Sander,71.76,1220,17
1989,136,58,1662,Greg Ladehoff,71.79,1005,14
1989,137,58,2023,Clarence Rose,71.8,1436,20
1989,138,58,2095,Larry Silveira,71.85,934,13
1989,139,58,1475,Donnie Hammond,71.86,1509,21
1989,140,58,1499,Mark Hayes,71.87,1078,15
1989,141,58,2007,Larry Rinker,71.88,1150,16
1989,141,58,2167,Mike Sullivan,71.88,1222,17
1989,141,58,2267,D.A. Weibring,71.88,1150,16
1989,144,58,2322,Richard Zokol,71.9,719,10
1989,145,58,1992,Don Reese,71.92,863,12
1989,146,58,1557,John Inman,71.93,1079,15
1989,147,58,1154,Bill Buttner,71.94,1223,17
1989,147,58,2225,Howard Twitty,71.94,1223,17
1989,149,58,1078,Jim Benepe,72.0,576,8
1989,149,58,2239,Scott Verplank,72.0,1080,15
1989,151,66,1723,Andrew Magee,72.06,1297,18
1989,152,66,1533,P.H. Horgan III,72.09,793,11
1989,152,66,2148,Ray Stewart,72.09,793,11
1989,154,66,1307,Joel Edwards,72.1,721,10
1989,155,66,2099,Scott Simpson,72.13,1082,15
1989,155,66,2190,Doug Tewell,72.13,1082,15
1989,157,66,2094,Tony Sills,72.2,1083,15
1989,158,66,1777,John McComish,72.23,939,13
1989,159,66,1093,Ronnie Black,72.27,1084,15
1989,159,66,1444,Ken Green,72.27,1084,15
1989,159,66,1755,Dick Mast,72.27,1084,15
1989,162,66,1200,Keith Clearwater,72.28,1301,18
1989,163,66,1448,Tony Grimes,72.29,506,7
1989,164,66,1060,Dave Barr,72.3,1446,20
1989,164,66,1151,Clark Burroughs,72.3,723,10
1989,166,66,2090,Tom Sieckmann,72.31,940,13
1989,167,67,1701,Bob Lohr,72.39,1303,18
1989,168,67,1823,Larry Mize,72.41,1593,22
1989,169,67,1468,Gary Hallberg,72.44,1159,16
1989,170,67,1550,Ed Humenik,72.45,797,11
1989,171,69,1877,Tim Norris,72.57,1016,14
1989,172,69,1666,Bernhard Langer,72.62,944,13
1989,173,69,1469,Dan Halldorson,72.67,1090,15
1989,174,70,1310,Dave Eichelberger,72.69,1163,16
1989,175,70,1495,Morris Hatalsky,72.73,800,11
1989,176,70,1935,Calvin Peete,72.75,582,8
1989,177,71,1564,David Jackson,72.86,510,7
1989,178,71,1813,Mike Miles,72.88,583,8
1989,179,71,1864,Larry Nelson,72.92,875,12
1989,180,79,1112,Charlie Bowles,73.2,366,5
1989,181,80,1150,George Burns,73.33,220,3
1989,181,80,2294,Willie Wood,73.33,220,3
1989,183,82,2261,Doug Weaver,73.78,664,9
1989,184,82,2224,Greg Twiggs,73.91,813,11
1989,185,82,1553,John Huston,73.93,1035,14
1989,186,96,1925,Jerry Pate,74.8,374,5
1988,1,0,1876,Greg Norman,69.17,830,12
1988,2,0,2049,Gene Sauers,69.64,1532,22
1988,3,0,1475,Donnie Hammond,69.68,1533,22
1988,4,0,2010,Loren Roberts,69.72,1255,18
1988,5,0,1938,David Peoples,69.75,1116,16
1988,6,0,1006,John Adams,69.93,1049,15
1988,7,0,1783,Mark McCumber,69.95,1399,20
1988,8,0,1179,Antonio Cerda,70.0,630,9
1988,8,0,2100,Tim Simpson,70.0,1330,19
1988,10,0,1385,Jim Gallagher Jr.,70.07,981,14
1988,11,0,1682,Wayne Levi,70.12,1192,17
1988,12,0,1284,Mike Donald,70.16,1333,19
1988,13,0,1418,Bill Glasson,70.17,1263,18
1988,14,0,1378,David Frost,70.18,1193,17
1988,15,0,1060,Dave Barr,70.2,1404,20
1988,16,0,1837,Gil Morgan,70.21,983,14
1988,17,0,2256,Tom Watson,70.27,1054,15
1988,18,0,1035,Tommy Armour III,70.29,1195,17
1988,19,0,1200,Keith Clearwater,70.3,703,10
1988,19,0,1444,Ken Green,70.3,1406,20
1988,21,0,1226,Fred Couples,70.33,1688,24
1988,21,0,2180,Harry Taylor,70.33,633,9
1988,23,0,1926,Steve Pate,70.35,1618,23
1988,23,0,2167,Mike Sullivan,70.35,1196,17
1988,25,0,1042,Paul Azinger,70.4,1408,20
1988,26,0,1633,Tom Kite,70.42,1338,19
1988,27,0,1701,Bob Lohr,70.43,1620,23
1988,28,0,1797,Rocco Mediate,70.46,1691,24
1988,29,0,1690,Bruce Lietzke,70.47,1339,19
1988,30,0,1725,John Mahaffey,70.48,1480,21
1988,31,0,1072,Chip Beck,70.5,1551,22
1988,32,0,2159,Curtis Strange,70.52,1481,21
1988,33,0,1329,Brad Faxon,70.53,1058,15
1988,33,0,1968,Nick Price,70.53,1340,19
1988,35,0,1096,Phil Blackmar,70.56,635,9
1988,35,0,2146,Payne Stewart,70.56,1764,25
1988,37,0,2244,Fred Wadsworth,70.57,494,7
1988,38,0,1077,Mike Bender,70.58,847,12
1988,39,0,1736,Roger Maltbie,70.6,1059,15
1988,40,0,1771,Blaine McCallister,70.61,1624,23
1988,41,0,1549,Mike Hulbert,70.62,1483,21
1988,42,0,1960,Don Pooley,70.63,1130,16
1988,43,0,1098,Jay Don Blake,70.67,1696,24
1988,44,0,1157,Tom Byrum,70.73,1556,22
1988,45,0,2242,Lanny Wadkins,70.74,1627,23
1988,46,0,1024,Billy Andrade,70.75,1132,16
1988,46,0,1958,Dan Pohl,70.75,1415,20
1988,46,0,2033,Dave Rummells,70.75,1698,24
1988,49,0,1132,Mark Brooks,70.76,1486,21
1988,50,0,1846,Jodie Mudd,70.77,1557,22
1988,50,0,2101,Joey Sindelar,70.77,1840,26
1988,52,0,1323,Brad Fabel,70.8,1416,20
1988,53,0,2303,Robert Wrenn,70.82,1558,22
1988,54,0,1639,Kenny Knox,70.85,1417,20
1988,55,0,1457,Jay Haas,70.86,1559,22
1988,55,0,2104,Jeff Sluman,70.86,1984,28
1988,57,0,1877,Tim Norris,70.88,1134,16
1988,57,0,2126,Bruce Soulsby,70.88,567,8
1988,59,0,1313,Steve Elkington,70.89,1276,18
1988,59,0,1569,Peter Jacobsen,70.89,1347,19
1988,61,0,1891,David Ogrin,70.9,1489,21
1988,62,0,1361,Dan Forsman,70.92,1844,26
1988,62,0,2223,Bob Tway,70.92,1702,24
1988,62,0,2241,Bobby Wadkins,70.92,1773,25
1988,65,0,1197,Bobby Clampett,70.93,1064,15
1988,66,0,1133,Billy Ray Brown,70.95,1419,20
1988,67,0,1235,Ben Crenshaw,70.96,1703,24
1988,68,0,1127,Danny Briggs,71.0,355,5
1988,68,0,1161,Mark Calcavecchia,71.0,1917,27
1988,68,0,1435,Wayne Grady,71.0,852,12
1988,68,0,1717,Sandy Lyle,71.0,994,14
1988,68,0,1975,Tom Purtzer,71.0,1207,17
1988,68,0,1984,Sam Randolph,71.0,923,13
1988,68,0,2090,Tom Sieckmann,71.0,781,11
1988,68,0,2294,Willie Wood,71.0,639,9
1988,76,0,1887,Mark O'Meara,71.05,1350,19
1988,77,0,1723,Andrew Magee,71.06,1137,16
1988,78,0,1151,Clark Burroughs,71.07,1066,15
1988,79,0,1390,Buddy Gardner,71.09,1635,23
1988,80,0,1346,Ed Fiori,71.12,1778,25
1988,81,0,1964,Greg Powers,71.14,498,7
1988,82,0,1527,Scott Hoch,71.15,1850,26
1988,83,0,1219,John Cook,71.19,1495,21
1988,83,0,1996,Mike Reid,71.19,1139,16
1988,85,0,1288,Ed Dougherty,71.2,712,10
1988,85,0,2311,Kim Young,71.2,712,10
1988,87,0,1033,George Archer,71.24,1211,17
1988,88,0,1706,Davis Love III,71.25,1140,16
1988,89,0,1156,Curt Byrum,71.28,1283,18
1988,90,0,1931,Rick Pearson,71.29,1212,17
1988,91,0,2133,Craig Stadler,71.31,1141,16
1988,91,0,2185,Lance Ten Broeck,71.31,927,13
1988,93,0,1414,Bob Gilder,71.35,1213,17
1988,93,0,2186,Brian Tennyson,71.35,1213,17
1988,95,0,1106,Jim Booros,71.36,785,11
1988,96,0,1553,John Huston,71.38,1142,16
1988,96,0,1928,Corey Pavin,71.38,1142,16
1988,96,0,1943,Chris Perry,71.38,1499,21
1988,99,0,1129,Bill Britton,71.39,1285,18
1988,100,0,1261,Jay Delsing,71.4,714,10
1988,101,0,1571,Barry Jaeckel,71.44,643,9
1988,102,0,2313,Bruce Zabriski,71.45,786,11
1988,103,0,2279,Mark Wiebe,71.46,1858,26
1988,104,0,1935,Calvin Peete,71.47,1072,15
1988,105,0,1306,David Edwards,71.5,1144,16
1988,105,0,1737,Mark Maness,71.5,286,4
1988,105,0,1864,Larry Nelson,71.5,1144,16
1988,105,0,2246,Duffy Waldorf,71.5,1144,16
1988,109,0,1823,Larry Mize,71.53,1216,17
1988,110,0,1061,Ray Barr Jr.,71.54,930,13
1988,111,0,1443,Hubert Green,71.55,787,11
1988,112,0,1986,Joey Rassett,71.56,644,9
1988,113,0,1715,Mark Lye,71.58,1360,19
1988,113,0,2160,Ron Streck,71.58,859,12
1988,113,0,2239,Scott Verplank,71.58,1360,19
1988,116,0,1662,Greg Ladehoff,71.59,1217,17
1988,117,0,1185,Brandel Chamblee,71.6,716,10
1988,118,0,1203,Russ Cochran,71.63,1361,19
1988,119,0,6284,Jim Hallet,71.65,1648,23
1988,120,0,1143,Brad Bryant,71.67,1075,15
1988,120,0,1191,Barry Cheesman,71.67,430,6
1988,120,0,1425,Ernie Gonzalez,71.67,645,9
1988,123,0,1559,Hale Irwin,71.71,1004,14
1988,123,0,2321,Fuzzy Zoeller,71.71,1219,17
1988,125,0,1168,David Canipe,71.73,1076,15
1988,125,0,2190,Doug Tewell,71.73,1076,15
1988,127,0,2322,Richard Zokol,71.75,861,12
1988,128,0,2023,Clarence Rose,71.78,1651,23
1988,129,0,1355,Raymond Floyd,71.8,1077,15
1988,130,0,2267,D.A. Weibring,71.81,1149,16
1988,131,0,1707,Steve Lowery,71.82,1221,17
1988,132,0,1945,Kenny Perry,71.84,1365,19
1988,133,0,1790,Pat McGowan,71.85,934,13
1988,134,0,1135,Ken Brown,71.92,935,13
1988,134,0,2099,Scott Simpson,71.92,935,13
1988,136,0,1495,Morris Hatalsky,71.93,1079,15
1988,137,0,1175,Jim Carter,71.94,1295,18
1988,137,0,2170,Hal Sutton,71.94,1151,16
1988,139,0,1150,George Burns,72.0,504,7
1988,139,0,1303,Bob Eastwood,72.0,1152,16
1988,139,0,1469,Dan Halldorson,72.0,1296,18
1988,139,0,1826,Brian Mogg,72.0,504,7
1988,139,0,1858,Tommy Nakajima,72.0,864,12
1988,139,0,1884,Mac O'Grady,72.0,576,8
1988,145,0,1941,Tom Pernice Jr.,72.07,1009,14
1988,146,0,1648,Billy Kratzert,72.08,865,12
1988,146,0,1971,Dillard Pruitt,72.08,937,13
1988,146,0,2041,Bill Sander,72.08,937,13
1988,149,0,1970,Bob Proben,72.1,721,10
1988,150,0,2196,Robert Thompson,72.2,1083,15
1988,151,0,1014,Fulton Allem,72.25,867,12
1988,152,0,1305,Danny Edwards,72.27,795,11
1988,153,0,2118,J.C. Snead,72.29,1012,14
1988,154,0,1641,Gary Koch,72.31,1157,16
1988,155,0,1093,Ronnie Black,72.33,1302,18
1988,155,0,1599,Steve Jones,72.33,1302,18
1988,157,0,2007,Larry Rinker,72.35,1447,20
1988,158,0,1214,Frank Conner,72.38,579,8
1988,159,0,2215,Paul Trittler,72.4,362,5
1988,160,0,1068,Andy Bean,72.43,507,7
1988,160,0,2225,Howard Twitty,72.43,1521,21
1988,162,0,2195,Leonard Thompson,72.44,1159,16
1988,163,0,1998,Jack Renner,72.47,1232,17
1988,164,0,2094,Tony Sills,72.53,1233,17
1988,165,0,1331,Rick Fehr,72.6,726,10
1988,165,0,2148,Ray Stewart,72.6,1089,15
1988,167,0,1310,Dave Eichelberger,72.61,1307,18
1988,168,0,1201,Lennie Clements,72.62,1525,21
1988,169,0,1892,Aki Ohmachi,72.64,799,11
1988,170,0,1557,John Inman,72.67,1090,15
1988,171,0,1499,Mark Hayes,72.69,1163,16
1988,172,0,1154,Bill Buttner,72.77,946,13
1988,173,0,2255,Denis Watson,72.79,1019,14
1988,174,0,1224,Jeff Coston,73.0,511,7
1988,174,0,1861,Jim Nelford,73.0,584,8
1988,176,0,1755,Dick Mast,73.05,1461,20
1988,177,0,1086,Roy Biancalana,73.1,731,10
1988,178,0,2192,Steve Thomas,73.22,659,9
1988,179,0,1094,Mike Blackburn,73.42,881,12
1988,180,0,2229,Brett Upper,73.71,1032,14
1988,181,0,1468,Gary Hallberg,73.86,517,7
1988,182,0,1782,Mike McCullough,74.0,888,12
1988,183,0,1476,Mike Hammond,74.07,1037,14
1988,184,0,1236,Richard Cromwell,74.11,667,9
1988,184,0,1851,Bob Murphy,74.11,667,9
1987,1,0,1823,Larry Mize,69.69,1115,16
1987,2,0,1960,Don Pooley,69.7,1394,20
1987,3,0,1378,David Frost,69.91,1608,23
1987,4,0,1682,Wayne Levi,69.93,1049,15
1987,5,0,1846,Jodie Mudd,69.95,1329,19
1987,6,0,1958,Dan Pohl,70.0,1610,23
1987,7,0,1633,Tom Kite,70.05,1471,21
1987,8,0,1235,Ben Crenshaw,70.11,1262,18
1987,8,0,2223,Bob Tway,70.11,1262,18
1987,10,0,1475,Donnie Hammond,70.18,1193,17
1987,11,0,2170,Hal Sutton,70.2,1404,20
1987,12,0,1864,Larry Nelson,70.23,913,13
1987,13,0,2023,Clarence Rose,70.29,1476,21
1987,14,0,1928,Corey Pavin,70.31,1125,16
1987,15,0,2146,Payne Stewart,70.33,1477,21
1987,16,0,1042,Paul Azinger,70.36,1548,22
1987,17,0,2133,Craig Stadler,70.38,1126,16
1987,18,0,1797,Rocco Mediate,70.44,1268,18
1987,19,0,2104,Jeff Sluman,70.45,1550,22
1987,20,0,2242,Lanny Wadkins,70.47,1339,19
1987,21,0,1303,Bob Eastwood,70.5,1269,18
1987,22,0,1887,Mark O'Meara,70.53,1340,19
1987,22,0,1891,David Ogrin,70.53,1058,15
1987,24,0,2322,Richard Zokol,70.55,776,11
1987,25,0,1968,Nick Price,70.56,1270,18
1987,26,0,1226,Fred Couples,70.6,1412,20
1987,27,0,1331,Rick Fehr,70.63,565,8
1987,28,0,1436,David Graham,70.67,636,9
1987,28,0,2099,Scott Simpson,70.67,1484,21
1987,30,0,1559,Hale Irwin,70.71,990,14
1987,31,0,1996,Mike Reid,70.75,1415,20
1987,32,0,2033,Dave Rummells,70.76,1769,25
1987,33,0,1952,Billy Pierot,70.77,920,13
1987,34,0,1203,Russ Cochran,70.86,1559,22
1987,34,0,2256,Tom Watson,70.86,992,14
1987,36,0,1876,Greg Norman,70.88,1205,17
1987,37,0,1072,Chip Beck,70.89,1276,18
1987,38,0,1943,Chris Perry,70.9,1418,20
1987,39,0,1346,Ed Fiori,70.94,1135,16
1987,40,0,2241,Bobby Wadkins,70.95,1561,22
1987,41,0,2159,Curtis Strange,70.96,1632,23
1987,42,0,1527,Scott Hoch,71.0,1633,23
1987,43,0,1288,Ed Dougherty,71.06,1208,17
1987,43,0,1418,Bill Glasson,71.06,1279,18
1987,45,0,2087,Don Shirey Jr.,71.07,995,14
1987,46,0,1039,Perry Arthur,71.11,640,9
1987,46,0,1098,Jay Don Blake,71.11,1351,19
1987,46,0,1837,Gil Morgan,71.11,640,9
1987,49,0,1329,Brad Faxon,71.12,1209,17
1987,50,0,1444,Ken Green,71.14,1494,21
1987,50,0,1495,Morris Hatalsky,71.14,996,14
1987,52,0,2255,Denis Watson,71.2,1424,20
1987,53,0,1150,George Burns,71.21,1353,19
1987,54,0,1706,Davis Love III,71.22,1282,18
1987,54,0,1938,David Peoples,71.22,641,9
1987,54,0,2267,D.A. Weibring,71.22,1282,18
1987,57,0,1093,Ronnie Black,71.24,1496,21
1987,57,0,1884,Mac O'Grady,71.24,1211,17
1987,59,0,2239,Scott Verplank,71.25,855,12
1987,60,0,1725,John Mahaffey,71.26,1639,23
1987,61,0,1926,Steve Pate,71.27,1853,26
1987,62,0,1261,Jay Delsing,71.31,927,13
1987,62,0,1468,Gary Hallberg,71.31,1141,16
1987,64,0,1175,Jim Carter,71.32,1355,19
1987,65,0,1975,Tom Purtzer,71.35,1427,20
1987,66,0,1690,Bruce Lietzke,71.36,999,14
1987,67,0,1214,Frank Conner,71.38,928,13
1987,67,0,1306,David Edwards,71.38,928,13
1987,67,0,2049,Gene Sauers,71.38,1499,21
1987,70,0,1639,Kenny Knox,71.41,1571,22
1987,71,0,1161,Mark Calcavecchia,71.42,1357,19
1987,72,0,1157,Tom Byrum,71.43,1500,21
1987,73,0,2100,Tim Simpson,71.44,1786,25
1987,74,0,2160,Ron Streck,71.47,1358,19
1987,74,0,2225,Howard Twitty,71.47,1358,19
1987,76,0,1129,Bill Britton,71.5,1001,14
1987,76,0,1998,Jack Renner,71.5,1430,20
1987,78,0,1200,Keith Clearwater,71.52,1788,25
1987,79,0,1168,David Canipe,71.53,1073,15
1987,80,0,1323,Brad Fabel,71.54,930,13
1987,80,0,1945,Kenny Perry,71.54,930,13
1987,82,0,2067,Ted Schulz,71.57,501,7
1987,83,0,1313,Steve Elkington,71.59,1217,17
1987,84,0,2010,Loren Roberts,71.62,931,13
1987,85,0,1179,Antonio Cerda,71.64,1003,14
1987,85,0,1648,Billy Kratzert,71.64,1003,14
1987,87,0,2195,Leonard Thompson,71.67,1290,18
1987,88,0,2090,Tom Sieckmann,71.7,717,10
1987,89,0,1390,Buddy Gardner,71.71,1721,24
1987,89,0,1457,Jay Haas,71.71,1721,24
1987,91,0,1569,Peter Jacobsen,71.72,1291,18
1987,92,0,2321,Fuzzy Zoeller,71.73,1076,15
1987,93,0,2294,Willie Wood,71.74,1363,19
1987,94,0,1723,Andrew Magee,71.75,1148,16
1987,94,0,1755,Dick Mast,71.75,1435,20
1987,96,0,1501,Vance Heafner,71.79,1005,14
1987,97,0,1557,John Inman,71.81,1149,16
1987,98,0,1984,Sam Randolph,71.82,1221,17
1987,99,0,1935,Calvin Peete,71.83,862,12
1987,99,0,2098,Jim Simons,71.83,431,6
1987,101,0,1156,Curt Byrum,71.86,1581,22
1987,102,0,2180,Harry Taylor,71.88,1150,16
1987,103,0,1641,Gary Koch,71.89,647,9
1987,104,0,1077,Mike Bender,71.9,719,10
1987,105,0,1135,Ken Brown,71.92,935,13
1987,106,0,1219,John Cook,71.94,1223,17
1987,106,0,1469,Dan Halldorson,71.94,1151,16
1987,106,0,2094,Tony Sills,71.94,1295,18
1987,109,0,1549,Mike Hulbert,71.95,1583,22
1987,109,0,1771,Blaine McCallister,71.95,1367,19
1987,111,0,1096,Phil Blackmar,72.0,1368,19
1987,111,0,1206,Bobby Cole,72.0,1368,19
1987,111,0,1305,Danny Edwards,72.0,1080,15
1987,111,0,1687,Jeff Lewis,72.0,360,5
1987,111,0,1790,Pat McGowan,72.0,1008,14
1987,111,0,1871,Mike Nicolette,72.0,720,10
1987,111,0,1877,Tim Norris,72.0,1296,18
1987,111,0,1892,Aki Ohmachi,72.0,936,13
1987,111,0,2148,Ray Stewart,72.0,1152,16
1987,111,0,2167,Mike Sullivan,72.0,1152,16
1987,111,0,2190,Doug Tewell,72.0,1008,14
1987,111,0,2196,Robert Thompson,72.0,792,11
1987,111,0,2303,Robert Wrenn,72.0,1080,15
1987,124,0,1499,Mark Hayes,72.05,1369,19
1987,124,0,1736,Roger Maltbie,72.05,1441,20
1987,126,0,2126,Bruce Soulsby,72.06,1153,16
1987,127,0,1777,John McComish,72.07,1009,14
1987,128,0,1666,Bernhard Langer,72.08,937,13
1987,128,0,2111,Mike Smith,72.08,937,13
1987,130,0,1717,Sandy Lyle,72.09,793,11
1987,131,0,1197,Bobby Clampett,72.13,1154,16
1987,132,0,1060,Dave Barr,72.15,1443,20
1987,133,0,1006,John Adams,72.17,1299,18
1987,134,0,2118,J.C. Snead,72.18,1227,17
1987,135,0,1068,Andy Bean,72.2,722,10
1987,136,0,1414,Bob Gilder,72.22,1300,18
1987,136,0,1715,Mark Lye,72.22,1300,18
1987,136,0,1783,Mark McCumber,72.22,1661,23
1987,136,0,1878,Andy North,72.22,650,9
1987,136,0,2041,Bill Sander,72.22,1300,18
1987,141,0,1534,John Horne,72.25,289,4
1987,142,0,1192,T.C. Chen,72.27,795,11
1987,143,0,1513,Denny Hepler,72.29,506,7
1987,144,0,1037,Dewey Arnette,72.3,723,10
1987,145,0,1132,Mark Brooks,72.31,1157,16
1987,146,0,1599,Steve Jones,72.33,1302,18
1987,147,0,2101,Joey Sindelar,72.38,1737,24
1987,148,0,1571,Barry Jaeckel,72.4,1086,15
1987,149,0,1103,Charles Bolling,72.41,1231,17
1987,150,0,2201,Jim Thorpe,72.44,652,9
1987,151,0,1385,Jim Gallagher Jr.,72.5,1160,16
1987,151,0,1392,Tom Garner,72.5,725,10
1987,151,0,2007,Larry Rinker,72.5,1305,18
1987,154,0,1061,Ray Barr Jr.,72.62,944,13
1987,155,0,1162,Rex Caldwell,72.67,872,12
1987,155,0,1701,Bob Lohr,72.67,1308,18
1987,157,0,2279,Mark Wiebe,72.68,1817,25
1987,158,0,1361,Dan Forsman,72.71,2036,28
1987,159,0,1446,Brad Greer,72.73,800,11
1987,160,0,1593,Philip Jonas,72.8,364,5
1987,160,0,2246,Duffy Waldorf,72.8,1092,15
1987,162,0,1355,Raymond Floyd,72.83,874,12
1987,163,0,1782,Mike McCullough,72.87,1093,15
1987,164,0,1448,Tony Grimes,72.88,583,8
1987,164,0,1526,David Hobby,72.88,583,8
1987,166,0,1282,Trevor Dodds,72.91,802,11
1987,167,0,1201,Lennie Clements,73.0,1095,15
1987,167,0,1248,Rick Dalpos,73.0,949,13
1987,169,0,1196,Brian Claar,73.07,1096,15
1987,170,0,1443,Hubert Green,73.08,877,12
1987,171,0,2244,Fred Wadsworth,73.12,1243,17
1987,172,0,1278,Andy Dillard,73.14,1024,14
1987,173,0,1310,Dave Eichelberger,73.19,1171,16
1987,174,0,1861,Jim Nelford,73.2,732,10
1987,175,0,1284,Mike Donald,73.33,1760,24
1987,175,0,1584,Doug Johnson,73.33,660,9
1987,175,0,2002,John Riegger,73.33,440,6
1987,178,0,2287,Jim Wilson,73.5,294,4
1987,179,0,1654,Gary Krueger,73.56,662,9
1987,180,0,1425,Ernie Gonzalez,73.59,1251,17
1987,181,0,2229,Brett Upper,73.8,738,10
1987,182,0,1851,Bob Murphy,73.86,1034,14
1987,183,0,2152,Dave Stockton,74.09,815,11
1987,184,0,2016,Bill Rogers,74.27,1114,15
1987,185,0,1522,Lon Hinkle,74.82,823,11
1987,186,0,1676,Ted Lehmann,75.0,300,4
1987,187,0,1949,Mark Pfeil,75.43,528,7
1987,188,0,1095,Woody Blackburn,77.5,155,2
